SAMPLES:	13716
BITSPERSAMPLE:	16
CHANNELS:	1
SAMPLERATE:	16000
NORMALIZED:	FALSE
166
132
194
132
197
188
198
264
182
234
185
131
150
190
149
164
99
59
70
3
-85
-130
-111
-212
-246
-229
-292
-301
-198
-203
-173
-169
-189
-224
-181
-172
-236
-144
-198
-188
-202
-310
-227
-311
-247
-248
-215
-162
-81
2
-77
59
13
22
24
73
37
127
82
123
79
-3
17
-60
-14
-136
-113
-53
-62
33
-46
-9
-20
-103
39
23
54
33
-19
-6
-54
-33
-52
-51
20
20
38
-13
-37
-37
-58
-79
9
53
37
175
132
168
137
95
76
-1
49
1
47
-26
-94
-158
-235
-272
-299
-236
-321
-287
-203
-135
-166
-147
-147
-174
-183
-250
-216
-347
-309
-419
-428
-380
-377
-357
-414
-254
-310
-235
-210
-269
-205
-322
-346
-328
-348
-347
-368
-332
-312
-253
-307
-253
-217
-254
-213
-165
-142
-117
-47
-116
-77
-54
-6
102
23
114
78
88
173
85
136
97
109
104
32
154
69
160
114
36
135
-4
110
31
163
111
49
101
18
91
-4
77
128
162
253
257
367
407
458
467
458
489
402
474
513
479
491
539
507
606
629
652
634
597
618
623
588
696
698
724
705
698
757
810
766
718
799
718
746
731
664
617
556
473
497
364
423
438
375
393
391
327
261
280
189
203
98
16
-32
-160
-163
-262
-317
-327
-382
-364
-371
-489
-620
-602
-601
-690
-626
-719
-776
-689
-658
-661
-611
-611
-651
-617
-638
-641
-687
-669
-613
-607
-610
-573
-605
-588
-599
-676
-656
-713
-688
-697
-848
-726
-800
-826
-715
-778
-672
-570
-531
-420
-451
-390
-330
-262
-291
-242
-278
-215
-189
-214
-117
-87
13
99
255
174
325
316
352
387
314
320
295
237
232
339
274
325
397
318
282
323
247
260
243
192
187
98
128
132
82
94
182
157
48
108
81
-15
24
-18
-138
-79
-130
-197
-161
-128
-141
-182
-146
-43
-84
-42
9
-64
-3
25
134
129
189
244
221
266
265
252
263
245
247
170
259
210
136
254
172
230
240
360
209
165
199
-13
-31
-120
-172
-190
-154
-203
-192
-111
-113
-86
-161
-196
-61
-106
-165
-11
-79
-21
145
28
5
46
107
57
123
114
74
116
194
232
112
221
289
312
407
411
457
437
530
493
524
657
613
730
713
721
758
644
670
616
532
570
530
550
557
516
524
516
473
446
422
378
286
227
48
2
-32
-165
-248
-304
-265
-212
-216
-188
-258
-292
-317
-244
-289
-269
-344
-348
-314
-408
-371
-450
-454
-509
-390
-405
-431
-337
-344
-243
-290
-264
-213
-129
-58
62
82
34
13
-46
-67
-217
-132
-204
-312
-434
-442
-358
-431
-333
-424
-390
-367
-348
-327
-299
-311
-275
-322
-414
-350
-538
-500
-482
-602
-531
-540
-558
-465
-444
-478
-430
-436
-410
-426
-393
-297
-341
-298
-346
-268
-387
-329
-363
-348
-200
-392
-255
-275
-269
-219
-238
-210
-282
-192
-43
-52
-63
54
-43
30
13
7
38
-60
-50
-105
-40
-161
-227
-120
-114
-63
-116
-25
-16
26
56
93
292
206
293
411
408
480
551
500
588
550
568
643
607
729
674
722
672
653
773
803
898
900
930
939
958
859
754
778
690
633
573
639
559
577
612
524
500
404
428
455
468
504
465
415
391
328
265
275
262
253
257
274
202
157
194
179
138
95
32
69
-20
-127
-188
-281
-320
-428
-412
-380
-327
-235
-312
-266
-259
-305
-197
-240
-263
-275
-278
-210
-252
-220
-226
-273
-277
-298
-306
-275
-220
-228
-281
-249
-237
-181
-190
-152
-108
-184
-107
-115
-223
-147
-314
-302
-340
-408
-291
-454
-410
-391
-415
-375
-375
-346
-342
-356
-332
-382
-386
-328
-390
-320
-439
-455
-433
-450
-501
-486
-490
-589
-462
-566
-595
-567
-613
-562
-487
-552
-461
-378
-472
-445
-504
-558
-529
-511
-652
-564
-487
-522
-430
-310
-202
-140
27
95
119
206
198
330
321
233
302
381
432
365
434
484
525
588
647
685
700
799
771
773
672
599
678
590
626
663
643
690
678
704
630
713
698
685
623
545
460
412
410
398
401
286
388
410
426
419
388
355
246
170
78
64
-5
65
44
-16
-57
-62
-117
-118
-133
-82
25
60
130
136
326
195
314
331
236
268
241
280
274
301
234
315
222
176
151
61
91
15
-95
-157
-220
-303
-321
-346
-370
-379
-437
-404
-453
-516
-548
-474
-534
-560
-550
-591
-562
-514
-608
-627
-572
-533
-458
-320
-357
-237
-116
-153
-86
-63
-16
-118
-161
-229
-196
-169
-184
-161
-115
-54
-157
-119
-125
-298
-105
-195
-265
-158
-228
-246
-244
-319
-350
-262
-324
-265
-146
-104
4
61
152
194
237
208
184
263
236
277
266
264
221
278
207
163
206
205
171
74
165
156
241
203
165
47
142
123
85
152
-59
-102
-117
-183
-267
-247
-244
-206
-50
-6
-9
121
119
201
265
316
314
359
271
154
264
150
169
119
126
127
79
181
118
44
20
-23
-8
-88
-11
-59
-14
-18
-127
-33
-73
-123
-172
-126
-140
-193
-187
-179
-160
-207
-213
-309
-285
-302
-328
-348
-353
-358
-478
-408
-424
-416
-418
-358
-349
-357
-296
-343
-235
-185
-219
-175
-186
-113
-148
-84
-5
-74
50
94
107
188
215
184
197
146
101
159
116
160
202
234
256
263
443
455
463
604
456
515
538
507
603
416
344
288
131
238
211
234
311
327
476
504
555
634
654
652
714
692
627
649
560
602
497
396
450
304
378
394
342
386
357
345
345
265
346
348
328
353
384
273
254
135
62
8
-73
-90
-204
-172
-289
-296
-370
-403
-488
-384
-455
-522
-499
-568
-575
-699
-692
-841
-800
-766
-838
-800
-791
-774
-793
-784
-883
-834
-861
-835
-782
-657
-652
-562
-546
-484
-446
-405
-274
-358
-210
-172
-151
-60
-76
-107
-106
-97
-10
93
76
111
262
236
221
218
195
206
164
249
255
270
268
235
232
138
137
185
111
204
238
250
134
148
139
87
48
-60
-154
-185
-186
-389
-359
-385
-313
-288
-294
-151
-125
-64
-103
-90
-115
-55
6
-52
-34
3
21
23
-54
-33
-13
22
33
161
313
324
435
427
474
521
490
552
447
419
386
413
469
301
310
292
238
238
261
365
373
463
490
411
466
496
443
370
355
349
412
310
258
216
163
57
30
-29
-102
-125
-213
-285
-309
-299
-438
-424
-358
-386
-309
-262
-271
-231
-205
-262
-281
-428
-520
-600
-637
-655
-698
-637
-650
-569
-538
-467
-381
-368
-225
-272
-225
-197
-221
-262
-253
-148
-205
-155
-105
-94
17
62
121
116
103
179
158
243
285
322
377
416
458
547
492
517
480
493
547
511
565
487
496
457
466
386
439
406
468
603
496
692
617
687
680
555
637
480
501
454
333
283
311
121
134
96
-16
88
-23
14
60
82
60
-42
22
-97
-131
-215
-348
-301
-365
-319
-322
-192
-180
-194
-145
-204
-231
-273
-281
-322
-353
-316
-466
-466
-412
-533
-483
-388
-417
-270
-321
-212
-137
-189
-132
-261
-210
-317
-290
-369
-344
-333
-364
-316
-371
-351
-439
-312
-503
-495
-498
-545
-543
-639
-556
-674
-549
-577
-483
-503
-621
-526
-656
-677
-641
-761
-799
-807
-813
-722
-722
-603
-482
-438
-375
-298
-285
-237
-108
-174
-162
-89
-117
-6
5
43
122
180
246
336
409
389
484
499
562
588
629
672
656
745
775
795
821
828
818
739
764
719
775
847
865
979
935
1057
1028
1043
1109
1084
1051
1085
1059
1061
1020
963
975
911
870
854
852
818
828
869
827
787
804
742
763
683
501
487
378
406
327
269
167
74
46
-62
-105
-111
-248
-255
-195
-334
-326
-433
-577
-588
-653
-742
-750
-736
-774
-787
-773
-745
-696
-788
-752
-735
-774
-676
-710
-701
-731
-687
-737
-844
-850
-941
-856
-840
-798
-820
-918
-914
-916
-780
-685
-757
-715
-664
-619
-640
-730
-725
-694
-693
-667
-574
-615
-478
-431
-535
-503
-479
-519
-412
-337
-466
-309
-306
-285
-176
-110
16
48
141
85
198
160
169
271
268
371
355
473
452
493
585
591
549
585
643
598
610
551
510
497
508
520
521
525
545
555
552
571
616
613
639
636
540
579
577
557
582
688
729
705
714
624
713
669
676
696
630
658
609
565
434
392
337
164
128
3
-86
-40
-140
-230
-143
-207
-222
-122
-261
-227
-327
-316
-357
-439
-332
-398
-442
-395
-413
-560
-470
-569
-530
-573
-518
-485
-459
-459
-409
-387
-452
-348
-424
-413
-436
-412
-385
-386
-426
-351
-431
-347
-235
-261
-154
-219
-116
-48
-51
-6
19
68
56
86
-155
-728
-870
-614
-612
-947
-837
-597
-636
-391
488
818
550
705
987
827
777
1088
659
220
130
309
531
517
642
818
992
1246
1509
1739
1744
1454
1261
1144
918
668
513
284
-19
-183
-221
-381
-658
-756
-769
-841
-909
-1045
-1011
-1255
-1369
-1282
-1293
-1178
-1136
-1052
-1001
-899
-795
-671
-664
-794
-755
-766
-711
-639
-674
-692
-634
-539
-374
-135
35
218
311
344
543
649
679
615
589
415
424
486
463
514
606
661
761
876
989
1102
1062
1125
1220
1233
1169
1277
1354
1160
1146
1367
1264
1224
1289
1152
1135
986
1059
840
581
597
473
197
104
148
-160
-214
-363
-476
-418
-511
-675
-694
-801
-929
-1013
-1225
-1320
-1493
-1547
-1568
-1619
-1634
-1676
-1680
-1656
-1603
-1576
-1473
-1490
-1402
-1226
-1089
-900
-914
-917
-726
-590
-484
-423
-332
-331
-231
-104
4
-54
-72
53
97
204
386
541
614
566
611
606
581
494
221
-42
-184
-169
-289
-318
-328
-283
-255
-117
92
281
556
623
835
993
1006
989
970
820
745
651
726
698
667
856
975
1114
1166
1387
1427
1432
1452
1373
1293
1115
923
763
559
351
178
0
-114
-320
-373
-540
-445
-392
-338
-230
-201
74
149
374
556
718
727
668
680
597
499
236
56
-178
-427
-665
-914
-1119
-1338
-1238
-1240
-1111
-1082
-1052
-894
-988
-1028
-1081
-1270
-1446
-1418
-1478
-1442
-1484
-1370
-1234
-1050
-793
-553
-286
-80
159
462
736
842
1053
1180
1286
1402
1372
1333
1296
1121
1053
951
721
627
402
246
-122
-404
-370
-519
-665
-665
-677
-580
-335
-10
332
558
674
852
1041
1100
1198
1085
946
843
730
738
819
790
701
808
859
806
805
908
758
521
332
250
6
-222
-492
-918
-1158
-1466
-1645
-2045
-2193
-2257
-2386
-2273
-2175
-1886
-1847
-1579
-1246
-954
-537
-246
-9
115
371
602
744
893
548
53
-349
-749
-835
-937
-1240
-1732
-2132
-2116
-1915
-1644
-1439
-1572
-1650
-1438
-966
-731
-623
-820
-1105
-1238
-1132
-888
-969
-912
-894
-553
-12
527
1079
1522
1855
2313
2717
3074
3311
3310
3329
3095
3009
2794
2426
2202
1937
1693
1505
1277
1042
899
817
731
754
852
932
1007
1233
1274
1412
1513
1597
1607
1604
1654
1488
1664
1622
1603
1499
1341
1448
1435
1419
1337
1114
877
781
716
615
446
361
230
86
-9
-212
-423
-634
-948
-1176
-1543
-2157
-2649
-3414
-4193
-4873
-4927
-5064
-5913
-6243
-5949
-5532
-5087
-4209
-3203
-3110
-2893
-1833
-1003
-713
-733
-445
-638
-930
-356
182
5
-146
99
630
1104
1785
2168
2320
2395
2655
2992
3057
3042
2724
2428
2164
2004
1681
1482
1143
682
579
649
609
371
647
830
883
738
1045
1776
2064
2254
2325
2549
2603
2709
3107
3098
2586
2227
2183
2000
1597
1204
790
108
-112
72
130
-264
-649
-865
-933
-793
-949
-1083
-1497
-1727
-1929
-1866
-1805
-2045
-2223
-2277
-2159
-2014
-1576
-1291
-1195
-954
-427
-7
267
619
985
1254
1442
1746
1918
2172
2355
2289
2251
2115
1962
1871
1596
1353
1099
926
731
700
525
-82
-793
-1412
-1955
-2938
-3615
-3897
-4612
-5697
-6178
-5844
-5707
-5560
-4633
-3776
-3712
-3244
-1973
-1179
-1250
-1295
-1114
-1403
-1601
-1076
-741
-1075
-1241
-865
-203
316
896
1343
1366
1547
1997
2427
2582
2484
2125
1876
1743
1578
1328
1100
679
315
320
583
631
344
596
805
754
823
1010
1554
1815
2063
2516
2620
2742
2923
3221
3500
3389
3109
2943
2856
2598
2397
2169
1755
1322
1161
1331
1055
621
386
251
184
69
82
-105
-361
-371
-183
-129
-224
-309
-471
-410
-354
-147
-57
-100
20
416
892
1186
1512
1792
2207
2634
2986
3321
3286
3170
3041
2839
2719
2330
1720
1066
433
82
-174
-549
-800
-1067
-1446
-1860
-2342
-2931
-3551
-4591
-5444
-5768
-6243
-7119
-7707
-7531
-7392
-7146
-6263
-5334
-5042
-4651
-3579
-2508
-2137
-2045
-1765
-1756
-1962
-1517
-996
-1135
-1400
-1055
-309
256
969
1641
1838
2185
2601
3121
3484
3267
3012
2747
2626
2441
2133
1952
1806
1501
1440
1830
1879
1719
1762
1966
1976
1994
2439
2403
2132
2390
2864
3009
2779
2959
2940
2511
2738
3033
2748
2140
1848
1660
1239
1052
878
449
-142
-175
-127
-428
-602
-693
-907
-1155
-964
-761
-904
-1006
-797
-633
-586
-276
4
152
332
709
965
1239
1450
1731
2064
2369
2641
2957
3283
3453
3720
3906
4036
3870
3727
3497
3102
2627
2189
1675
1167
587
39
-230
-665
-1041
-1226
-1757
-2696
-3461
-3768
-4302
-5294
-5833
-6314
-7132
-7873
-7532
-7053
-7168
-6826
-5879
-5182
-4783
-3904
-2849
-2592
-2697
-2133
-1695
-1782
-1758
-1493
-1460
-1570
-1255
-593
-211
108
810
1321
1736
2173
2452
2651
2592
2515
2424
2305
2184
1857
1685
1695
1393
1133
1291
1404
1137
1044
1203
1242
1117
1289
1597
1595
1589
1809
2336
2632
2771
2720
2779
2776
2631
2720
2635
2355
1912
1868
1891
1813
1608
1376
1055
762
708
1016
1163
1031
833
861
1169
1223
1254
1228
1155
1007
1118
1342
1568
1668
1665
1805
1973
2300
2688
2776
2804
3118
3197
3231
3441
3452
3402
3231
3152
3075
2782
2396
1874
1248
713
224
-296
-931
-1403
-1764
-2144
-2359
-2664
-3084
-3742
-4322
-4918
-5469
-6106
-6603
-7013
-7702
-8394
-8594
-8343
-8013
-7697
-7142
-6529
-6040
-5261
-4253
-3546
-3350
-3087
-2663
-2298
-2018
-1486
-1118
-1128
-818
-219
436
1020
1550
1969
2403
3000
3502
3947
3967
3823
3780
3825
3748
3493
3231
2822
2516
2216
2059
1912
1521
1217
1155
1243
1229
1213
1390
1380
1332
1426
1702
1993
2077
2039
1972
2121
2246
2348
2517
2446
2242
2022
2231
2375
2314
2280
2199
2106
2172
2371
2713
2689
2429
2408
2396
2493
2546
2548
2238
2073
2019
2138
2255
2057
2050
1993
1943
2089
2344
2391
2158
2142
2370
2551
2604
2652
2626
2318
2136
2105
1928
1507
1049
613
183
-178
-613
-1081
-1604
-2135
-2515
-2866
-3183
-3580
-3728
-4099
-4673
-5244
-5990
-6521
-6861
-7088
-7566
-8304
-8681
-8618
-8209
-7597
-7119
-6765
-6528
-5820
-4612
-3582
-2978
-2646
-2379
-1985
-1154
-336
73
79
162
744
1565
2386
2973
3098
3253
3594
4185
4784
4716
4284
4041
3926
3947
3766
3460
2711
1998
1701
1673
1632
1113
666
381
326
414
633
748
565
459
777
1026
1142
1267
1513
1530
1416
1839
2318
2274
2298
2645
2574
2457
2550
2626
2615
2481
2464
2487
2525
2614
2700
2883
2749
2567
2561
2586
2711
2612
2387
2106
1967
1878
1808
1821
1650
1438
1370
1597
1708
1850
2025
2038
2213
2435
2691
2685
2557
2329
2015
1772
1567
1200
641
73
-402
-870
-1331
-1734
-2173
-2695
-3046
-3178
-3400
-3502
-3821
-4240
-4780
-5339
-5746
-6139
-6638
-7060
-7475
-8113
-8465
-8285
-7969
-7713
-7322
-6833
-6347
-5780
-4718
-3662
-3227
-2936
-2372
-1686
-922
-183
394
590
766
1388
2226
2908
3188
3417
3529
3913
4276
4619
4653
4261
4009
3875
3996
3809
3395
2911
2404
2034
1890
1768
1414
850
520
473
505
439
437
166
-57
85
453
917
1072
1224
1389
1819
2364
2963
3382
3296
3025
3150
3403
3693
3728
3526
3378
3404
3642
3847
3931
3553
3210
3165
3244
3282
2889
2463
2037
1623
1478
1360
1004
510
272
283
381
322
278
141
-59
8
294
313
259
130
71
24
-67
-107
-412
-760
-1139
-1369
-1664
-2087
-2464
-2893
-3174
-3460
-3630
-3983
-4245
-4401
-4453
-4352
-4395
-4629
-5030
-5377
-5565
-5601
-5674
-5945
-6494
-6830
-6687
-6237
-5870
-5587
-5239
-4818
-4046
-2946
-1745
-948
-435
167
853
1715
2586
3091
3159
3168
3430
3967
4374
4661
4584
4326
4373
4543
4764
4626
4206
3647
3350
3155
2921
2429
1829
1178
544
351
102
-317
-928
-1430
-1716
-1626
-1460
-1479
-1663
-1681
-1629
-1241
-572
-185
-202
-82
511
1047
1609
2203
2395
2457
2656
3129
3527
3679
3609
3488
3555
3723
4018
4065
3919
3690
3512
3558
3610
3442
2997
2585
2230
2006
1887
1658
1328
1095
1060
1062
1029
916
849
639
597
625
698
728
566
481
429
357
336
-30
-349
-690
-1107
-1442
-1711
-2126
-2572
-2996
-3314
-3507
-3948
-4083
-4206
-4346
-4340
-4080
-3852
-3901
-4059
-4248
-4572
-4728
-4672
-4756
-5314
-5971
-6130
-6056
-5822
-5480
-5105
-4913
-4607
-3657
-2464
-1591
-1208
-781
-307
232
1108
1902
2069
1892
1875
2287
2856
3199
3180
2808
2500
2675
3102
3242
2719
2046
1579
1379
1360
1107
578
-64
-679
-967
-815
-834
-1245
-1793
-2044
-1910
-1687
-1529
-1389
-1455
-1508
-888
1
662
940
1247
1845
2533
3321
3981
4382
4291
4404
4878
5420
5563
5533
5493
5417
5552
5762
5867
5521
5132
4958
4785
4609
4331
3873
3260
2544
2217
1852
1390
871
384
47
-241
-425
-600
-696
-964
-1134
-1056
-917
-823
-901
-1050
-1058
-1129
-1180
-1317
-1487
-1739
-1998
-2185
-2289
-2592
-2966
-3335
-3658
-3783
-3799
-3790
-3881
-3802
-3653
-3467
-3031
-2580
-2533
-2779
-3028
-3221
-3425
-3490
-3630
-4336
-5272
-5672
-5453
-5351
-5157
-4916
-4776
-4477
-3687
-2488
-1610
-1224
-989
-462
239
1016
1828
2151
1982
1921
2322
2900
3194
3018
2635
2273
2214
2509
2668
2184
1436
906
853
965
870
517
-84
-593
-857
-628
-593
-993
-1552
-1816
-1609
-1231
-1015
-819
-927
-960
-290
742
1573
1748
1973
2639
3399
4275
5025
5428
5357
5400
5853
6259
6392
6181
5798
5423
5214
5253
5116
4469
3784
3206
2807
2498
2019
1425
572
-174
-507
-746
-1085
-1555
-2046
-2378
-2482
-2385
-2267
-2333
-2466
-2359
-2016
-1678
-1340
-1361
-1350
-1153
-1020
-762
-685
-810
-1108
-1328
-1395
-1513
-1831
-2309
-2764
-3214
-3299
-3285
-3387
-3536
-3592
-3512
-3244
-2917
-2770
-2759
-2850
-2883
-2972
-3006
-3130
-3483
-3959
-4591
-4964
-5167
-5300
-5176
-5084
-4898
-4467
-3695
-2736
-1913
-1145
-388
267
1121
2122
2738
3376
3690
3885
4152
4381
4629
4377
4087
3456
3143
2934
2562
2156
1563
1111
771
723
591
230
-161
-381
-507
-488
-411
-512
-646
-606
-464
-28
269
564
804
988
1647
2482
3036
3291
3649
4076
4769
5371
5909
6153
5984
6076
6238
6399
6249
5715
5146
4559
4118
3821
3252
2383
1367
617
41
-553
-1236
-2009
-2795
-3381
-3393
-3314
-3500
-3671
-3726
-3505
-3000
-2404
-1940
-1737
-1637
-1287
-676
-202
53
-72
-82
70
342
531
453
97
-316
-676
-855
-1031
-1634
-2318
-2883
-3258
-3511
-3591
-3752
-3954
-4197
-4159
-3801
-3712
-3507
-3450
-3449
-3308
-3197
-3104
-3317
-3525
-3744
-4009
-4260
-4659
-5013
-5213
-5253
-5162
-5033
-4653
-4212
-3666
-2933
-2015
-1126
-434
319
1074
1893
2523
3019
3409
3400
3523
3719
3629
3277
2785
2230
1811
1318
1108
691
195
24
-28
125
238
282
217
321
482
769
1028
1190
1397
1512
1824
2296
2560
2683
2939
3263
3866
4420
4824
5343
5727
6103
6658
7042
7178
7075
6977
6810
6535
6159
5491
4782
3856
3108
2411
1556
670
-76
-804
-1401
-1802
-2203
-2665
-2966
-3038
-2989
-2693
-2651
-2457
-2252
-2000
-1608
-1374
-1075
-951
-916
-679
-388
-289
-341
-411
-491
-444
-494
-513
-663
-1037
-1349
-1512
-1661
-2003
-2360
-2864
-3163
-3157
-3191
-3147
-3283
-3563
-3421
-3293
-3071
-2811
-2835
-2677
-2422
-2052
-1929
-2055
-2278
-2504
-2617
-2884
-3421
-4242
-4798
-5190
-5270
-5311
-5180
-5036
-4768
-3858
-2796
-1692
-748
160
1085
1946
2767
3633
3835
3666
3453
3242
2973
2505
1755
796
-85
-682
-844
-1220
-1528
-1738
-1806
-1572
-1162
-770
-557
-458
-201
143
513
849
1000
1084
1295
1595
1953
2256
2505
2773
3235
3861
4391
4893
5319
5870
6309
6627
6812
6815
6414
5907
5432
4767
3995
3090
2222
1381
545
-87
-611
-1082
-1498
-1739
-1678
-1585
-1373
-1229
-1074
-678
-435
-171
40
202
381
446
595
612
577
498
438
477
361
256
-86
-349
-581
-861
-1224
-1514
-1781
-2065
-2275
-2439
-2500
-2749
-2876
-3035
-3058
-3060
-2878
-2850
-2899
-2707
-2366
-2188
-2007
-1807
-1587
-1339
-1203
-1222
-1483
-1893
-2368
-2846
-3498
-4259
-5308
-6157
-6621
-6674
-6578
-6398
-5842
-4821
-3728
-2219
-491
919
2159
3321
4416
5247
5699
5746
5434
4756
4041
3379
2582
1589
640
-281
-950
-1238
-1535
-1746
-1869
-1709
-1411
-947
-322
4
158
492
730
897
1125
1361
1429
1449
1851
2303
2745
3208
3912
4544
4994
5740
6556
6979
7148
7294
7266
6801
6194
5432
4275
3060
1888
784
-289
-1173
-1830
-2284
-2517
-2406
-2156
-1779
-1369
-901
-425
38
368
532
699
717
626
483
280
191
-23
-116
-116
-229
-279
-194
-162
-310
-419
-756
-969
-1475
-1921
-2295
-2840
-3160
-3496
-3635
-3647
-3623
-3519
-3272
-2986
-2718
-2457
-2285
-2146
-2124
-2131
-2196
-2147
-2125
-2239
-2300
-2191
-2117
-2337
-2680
-3002
-3410
-3985
-4434
-5088
-5933
-6551
-6606
-6360
-5971
-5339
-4147
-2738
-1184
700
2457
3935
4996
5952
6472
6474
6250
5574
4334
3029
1724
486
-567
-1481
-2222
-2812
-2797
-2425
-2034
-1664
-1047
-563
5
682
1158
1381
1501
1792
1992
1964
2093
2456
2687
3026
3608
4180
4717
5410
6116
6487
6536
6617
6549
6209
5571
4766
3975
2945
1893
1032
177
-552
-1142
-1363
-1386
-1236
-743
-266
127
594
1166
1548
1720
1683
1560
1349
994
712
391
93
-252
-395
-336
-370
-375
-389
-437
-626
-773
-900
-1102
-1416
-1774
-1975
-2282
-2437
-2473
-2605
-2590
-2501
-2291
-2039
-1981
-1844
-1916
-2048
-2049
-2270
-2648
-3080
-3322
-3743
-3770
-3709
-3593
-3368
-3041
-2376
-1982
-1637
-1724
-1956
-2429
-2857
-3332
-4099
-5162
-5810
-5662
-5031
-4187
-3129
-1520
222
2209
4332
6024
6864
7087
7024
6432
5292
3724
1949
-176
-2109
-3460
-4273
-4491
-4646
-4520
-3839
-2691
-1355
-30
856
1306
1592
1845
1976
1777
1240
871
853
1001
1453
2325
3184
3785
4499
5261
5616
5737
5722
5133
3975
2658
1808
1126
120
-667
-1040
-966
-509
192
1065
1611
2212
2762
3124
3235
3023
2507
1863
1254
719
393
49
-159
-181
80
564
997
1246
1429
1173
1028
784
165
-516
-1125
-1701
-2138
-2244
-2078
-1747
-1496
-944
-275
388
728
777
745
189
-370
-969
-1618
-2402
-3285
-4059
-4437
-4468
-4739
-4634
-4474
-4353
-4006
-3373
-2570
-1910
-1304
-438
451
691
412
-44
-720
-1645
-2402
-3480
-4934
-5738
-5580
-4749
-3698
-2173
-343
1537
3533
5561
6881
7104
6516
5380
3739
1791
-84
-1979
-3916
-5211
-5695
-5399
-4307
-3146
-2138
-1174
-100
733
1056
673
-44
-768
-1341
-1330
-1092
-591
237
1641
3244
4787
6308
7274
7344
6754
5783
4272
2489
851
-687
-2171
-3092
-2820
-1730
-384
1193
2970
4626
5761
6594
6823
6080
4651
3009
1452
172
-649
-1062
-1150
-746
289
1608
2663
3582
3862
3625
3018
2223
1230
-161
-1338
-2026
-2283
-2109
-1361
-402
524
1334
1940
2327
2169
1376
208
-1177
-2417
-3197
-3773
-3990
-3803
-3203
-2506
-1742
-1099
-964
-1289
-2121
-3013
-4202
-5539
-6600
-7300
-7435
-6923
-5760
-4022
-1965
70
1796
3056
3498
3120
1877
-198
-2529
-4672
-6451
-8071
-8874
-7995
-5966
-3417
-469
2564
5062
6697
7678
7627
6068
3560
833
-1716
-3975
-5494
-5987
-5586
-4529
-2940
-905
1048
2336
2380
1658
533
-940
-2422
-3479
-4088
-4128
-2944
-600
2099
4589
6996
8598
9180
9127
8008
5737
2740
-230
-2724
-4475
-4564
-3541
-2350
-483
2533
5614
7765
9010
9313
8179
6504
4739
2590
361
-1394
-2257
-2327
-1278
483
1920
3203
4260
4659
4242
3307
1676
-400
-2179
-2778
-2773
-2314
-969
795
2613
4048
5091
5039
3978
2327
177
-2060
-4003
-5240
-6007
-6277
-5386
-3727
-2232
-891
375
929
592
-189
-1240
-2897
-4650
-5852
-6566
-6911
-6638
-5563
-4433
-3341
-2035
-886
-321
-268
-294
-222
-301
-649
-1356
-2296
-3135
-3329
-3230
-3481
-3898
-4207
-3560
-1878
-79
1482
2923
4257
5236
5999
6380
5966
4426
2596
990
-376
-1238
-1681
-1976
-2313
-2284
-1598
-627
-234
-580
-1292
-1829
-1926
-1887
-1716
-1278
-478
647
2411
4257
5548
6118
5918
4890
3408
2239
741
-1483
-3546
-4833
-4883
-3740
-1847
-133
1178
2806
4609
5900
6504
6300
5130
3759
2768
2144
1612
1035
414
-54
160
767
985
586
94
-347
-662
-785
-692
-523
-300
282
1346
2449
3491
4134
4058
3717
3407
2847
1769
497
-822
-1737
-2226
-2522
-2754
-2855
-2889
-2747
-2519
-2243
-1924
-1807
-1726
-1694
-1590
-1531
-1750
-2357
-2917
-3564
-4196
-4853
-5289
-5348
-5376
-5123
-4298
-3245
-2155
-1031
141
1006
974
360
-704
-2297
-3761
-4495
-4910
-5282
-4902
-3199
-575
2179
4546
6225
7023
6930
6182
4660
2691
619
-1399
-2518
-2746
-2145
-1126
-151
627
821
703
668
90
-1041
-2028
-2354
-2075
-1245
213
1737
2774
3735
4402
4512
3894
2801
1553
-214
-1437
-1441
-1163
-1300
-1348
-1150
-327
786
1965
2439
2750
3575
4212
5154
6050
6141
5519
4675
3738
2628
1660
524
-979
-2050
-2011
-1409
-916
-467
159
460
231
212
128
-190
-287
-5
501
1689
3043
3888
4168
4099
3656
2565
805
-1068
-2750
-3955
-4462
-4340
-3729
-2861
-1754
-977
-409
80
307
-136
-1267
-2068
-2506
-2919
-3074
-3148
-3486
-3720
-3741
-3652
-3684
-3548
-3532
-3589
-3292
-2607
-1846
-1201
-480
-229
-560
-1103
-2180
-3453
-4347
-4563
-4076
-3463
-2398
-605
1663
3855
5458
6102
5712
4595
3377
2040
877
-134
-857
-799
-306
412
1091
1453
904
-267
-1244
-1751
-2150
-2154
-1831
-1039
110
1353
2583
3116
2912
2094
1262
442
-189
-689
-1360
-2014
-1922
-1003
-654
-950
-1103
-1199
-624
1120
2504
3547
4934
5878
6348
6855
6733
5379
3623
1939
599
321
539
298
163
529
827
769
187
-703
-1427
-2137
-2432
-1703
-380
971
2461
4030
4643
5052
4782
3202
1535
229
-1058
-2140
-2504
-2379
-1945
-1141
-599
-578
-449
-832
-1706
-2308
-2459
-2342
-2062
-1693
-1391
-947
-705
-1197
-2146
-2930
-3698
-4255
-4498
-4609
-4517
-3875
-3154
-2752
-2585
-2257
-2003
-2192
-2076
-1614
-1374
-1463
-1450
-1481
-2047
-2255
-1742
-1494
-1567
-1146
222
1790
3260
4419
4775
4375
3730
2931
1990
898
-181
-794
-918
-750
-257
447
817
505
120
296
566
570
491
601
589
576
836
1073
814
318
12
-242
-321
-235
-236
-941
-2108
-1883
-575
-339
-1048
-554
1007
2515
4064
5237
5795
6081
5813
5135
4444
3618
2586
1603
741
549
1119
1131
222
-261
-727
-1236
-1470
-1651
-1205
-288
346
549
1602
2661
2541
1828
1402
1066
697
376
-51
-4
217
117
-493
-895
-1209
-1698
-2293
-2486
-2150
-1589
-1320
-1119
-704
-349
-136
-782
-1456
-1602
-1533
-2038
-2631
-2735
-2770
-2881
-3128
-3408
-3673
-3715
-3940
-4219
-3478
-2245
-1250
-362
439
778
528
-165
-1299
-2741
-4133
-4508
-3952
-3305
-2512
-905
901
2387
3822
4651
4423
3683
2974
2316
1927
1583
1285
1394
1428
1358
1450
1433
951
97
-152
96
358
605
838
1013
765
614
512
334
-62
-295
-387
-341
-223
-40
-623
-2178
-2650
-1672
-1586
-2629
-2137
-396
1054
2715
4250
5149
5424
5363
4679
3599
3032
2229
949
-80
-112
686
960
501
228
224
-14
-592
-918
-677
-54
-33
-406
250
1246
1370
1106
1081
1248
1361
1470
1119
994
1077
531
-269
-1025
-1404
-1758
-2209
-2563
-1867
-547
-217
-257
183
520
430
52
-662
-1111
-1287
-1945
-2764
-2995
-3229
-3461
-3298
-3627
-3942
-3194
-2531
-2596
-2011
-1010
-521
-375
-176
-176
-612
-1410
-2440
-3116
-3876
-4364
-3922
-3036
-2491
-1680
-438
542
1581
2515
2733
2387
2139
1861
2057
2285
2152
2215
2693
2803
2640
2734
2516
1866
1193
944
938
968
932
831
792
854
1048
1370
1695
1697
1792
1805
1595
807
-722
-1539
-1157
-1219
-1899
-1544
-790
-326
1269
2938
2899
3326
4390
3938
2949
3124
2781
1820
1654
1470
1097
1282
1531
1160
619
312
-249
-1000
-898
-576
-765
-982
-735
-160
246
550
805
754
847
973
700
421
224
-331
-1383
-1968
-2349
-3007
-3392
-3176
-2553
-1763
-799
-182
-57
34
-92
-838
-1632
-1797
-1900
-2347
-2591
-2638
-2834
-2642
-2485
-3087
-3490
-3505
-3677
-3495
-2710
-2211
-2061
-1260
-667
-657
-731
-1477
-2671
-3351
-3848
-4524
-4441
-3686
-3152
-2470
-1408
-424
453
1427
1938
2032
2293
2496
2557
2486
2493
2574
2890
2956
2606
2237
2052
1681
1563
1688
1693
1795
2196
2555
2586
2534
2283
1983
1776
1675
1689
1609
1139
-176
-944
-105
-286
-1207
-1211
-1292
-1156
-110
1465
1688
1576
2597
3385
3340
3190
3119
2435
2122
2154
2036
2121
2547
2408
2010
1869
1401
689
810
783
-71
-246
124
179
268
842
1100
1044
1250
1436
1319
1041
775
299
-58
-264
-673
-1086
-1203
-1611
-2049
-1901
-1452
-1533
-1463
-846
-845
-1350
-1258
-1000
-1196
-1360
-1409
-2170
-2774
-2478
-2788
-3374
-3538
-3899
-4253
-3593
-2736
-2525
-2150
-1648
-1472
-1016
-419
-787
-2022
-2804
-3162
-3939
-4604
-4594
-4240
-3619
-2958
-2125
-1084
-146
593
935
1215
1779
1960
1923
2022
1910
1697
1469
1248
933
883
1104
1036
1066
1561
2157
2284
2317
2406
2432
2416
2124
1962
1978
1810
1303
643
125
276
304
-398
-941
-1161
-1358
-1536
-824
-198
-191
313
1289
1695
2064
2587
2484
2129
2234
2249
1900
1972
2070
1969
1740
1673
1776
2106
2311
1939
1604
1627
1603
1400
1563
1782
1597
1658
2078
2236
2178
2083
1872
1566
1253
922
456
-193
-597
-1188
-1833
-2140
-2251
-2470
-2341
-1946
-2079
-1894
-1554
-1640
-1926
-2153
-2611
-3323
-3424
-3713
-4040
-4189
-4346
-4438
-4489
-4392
-4130
-3790
-3474
-2919
-2388
-1873
-1768
-2198
-2631
-2815
-3136
-3861
-4566
-4364
-3579
-2703
-1661
-683
442
1416
1938
2077
2320
2232
1664
1612
1646
1438
1338
1171
826
720
1119
1336
1613
2467
3087
3543
4013
4425
4522
4294
4036
3761
3802
3818
3253
2150
1408
1622
1537
745
228
145
-119
33
668
947
640
469
553
593
530
523
292
249
883
1157
958
621
708
932
1037
925
1091
1388
1554
1640
1418
1384
1581
1684
1636
1953
2188
2157
2214
2172
1874
1579
1208
875
756
551
111
-371
-688
-887
-848
-1023
-1437
-1495
-1630
-1829
-1974
-1959
-2135
-2638
-2955
-3404
-3934
-4545
-4969
-5256
-5377
-5335
-5464
-5385
-5105
-4680
-4236
-3984
-3623
-2961
-2903
-3747
-4371
-4184
-4073
-4470
-4834
-4302
-3271
-2383
-1676
-1098
-66
749
1226
1609
1960
2143
2022
1959
1822
1742
2003
1670
1212
1229
943
495
202
619
1006
1516
2285
3282
4375
5297
5754
5800
5862
5656
5132
4074
3239
2947
2746
2425
1877
1535
1467
1418
1656
1743
1508
1049
862
900
969
994
685
256
264
239
-150
-326
-224
122
434
361
365
660
754
617
458
378
414
717
1382
1701
1779
1949
2049
2272
2528
2594
2369
2365
2292
1946
1339
569
114
-192
-136
-275
-436
-245
-329
-234
-315
-555
-1028
-1526
-1775
-2145
-2800
-3575
-4197
-4890
-5467
-6248
-6821
-6673
-6109
-5757
-5617
-5017
-4527
-4447
-4730
-5373
-5628
-5417
-5329
-5438
-5154
-4392
-3629
-3124
-2582
-1651
-918
-84
594
1059
1572
1410
867
613
971
1028
921
993
1175
1458
1529
1335
1149
1148
1310
1392
1660
2179
2483
2930
3575
4283
4919
5042
4916
4880
5322
5584
4936
4166
3682
3373
3406
3619
3788
3613
3269
2862
2527
2413
2184
1490
1169
1262
1239
1060
811
520
144
-53
-138
-66
439
822
971
1006
953
903
730
782
830
828
1003
1371
1460
1426
1536
1583
1703
1831
2030
2169
2163
2019
1672
1372
1152
846
356
-228
-622
-415
-319
-801
-1444
-1994
-2581
-3136
-3521
-4011
-4617
-4801
-4909
-5378
-5592
-5964
-6446
-6768
-6625
-6492
-6623
-6939
-7236
-7262
-7152
-6856
-6953
-6913
-6328
-5298
-4411
-3558
-2730
-2042
-1381
-783
-186
151
501
615
674
934
1312
1655
1871
2064
2133
2063
2003
2129
2346
2264
2117
2156
2511
3091
3435
3760
4027
4162
4172
4611
4894
4892
5038
4969
4932
5118
5299
5065
4668
4551
4328
3967
3966
3818
3552
3152
2691
2290
2120
1766
1101
869
749
445
180
82
-161
-189
-84
93
247
421
601
653
806
785
684
540
534
836
919
975
1158
1332
1458
1390
1187
1044
1134
1358
1351
1455
1671
1571
1407
1091
898
629
148
-337
-743
-928
-1164
-1503
-2172
-2674
-2960
-3395
-3671
-3859
-4033
-4188
-4352
-4573
-4769
-5061
-5519
-6081
-6513
-6844
-7207
-7565
-7841
-7675
-7209
-6826
-6504
-6019
-5569
-5258
-4693
-4202
-3957
-3538
-2926
-2349
-1691
-871
-213
170
676
1148
1510
2057
2428
2666
3088
3438
3537
3530
3604
3703
3731
3892
4211
4644
4796
4754
4828
4609
4328
4333
4302
3996
4018
4233
4215
4288
4449
4151
3714
3570
3353
3156
3112
3070
2828
2690
2908
2948
3109
3352
3364
3476
3600
3589
3331
3133
2607
2097
1770
1347
905
747
614
231
104
-26
-85
-21
181
394
578
863
1032
966
815
654
461
465
539
535
411
314
328
66
-397
-864
-1388
-1759
-1815
-1878
-2056
-2355
-2775
-3326
-3923
-4405
-4879
-5494
-5929
-6106
-6301
-6387
-6635
-7129
-7525
-7672
-7656
-7384
-7069
-6987
-7089
-6969
-6577
-6055
-5448
-5105
-4638
-3939
-3234
-2481
-1772
-1440
-966
-265
677
1547
2185
2602
2755
2953
3023
3113
3109
3179
3297
3486
3684
3902
4242
4193
4132
4038
3848
3919
4427
4734
4631
4709
4616
4650
5185
5474
5243
5167
5285
5164
4911
4804
4286
3693
3188
2895
2814
2735
2485
2070
1847
1537
1315
1503
1456
1354
1474
1420
1192
943
919
671
536
578
680
718
655
574
144
-30
-111
-220
-204
51
289
528
759
908
898
931
871
757
857
680
198
-262
-731
-1422
-1892
-2288
-2733
-3158
-3264
-3468
-3978
-4423
-4968
-5348
-5524
-5695
-5860
-6062
-6322
-6468
-6353
-6231
-6362
-6429
-6284
-6062
-5698
-5288
-5239
-5184
-5052
-4973
-4672
-4247
-3876
-3513
-3023
-2458
-1936
-1209
-580
-234
273
790
1194
1489
1756
1820
1873
2051
2160
2307
2523
2668
2729
3086
3260
3454
3741
3941
4081
4221
4598
4977
5204
5358
5255
5163
5358
5376
5445
5421
5149
5126
4975
4817
4642
4205
3603
3094
2648
2206
1985
1626
1310
1134
1077
1004
976
1047
952
809
821
765
775
993
1019
1108
1380
1622
1656
1785
1910
2072
2194
2214
2079
1988
1844
1567
1248
834
556
370
278
76
-16
-145
-283
-366
-514
-1020
-1547
-2099
-2792
-3354
-3856
-4620
-5259
-5761
-6146
-6482
-6867
-7024
-7089
-7009
-6850
-6564
-6404
-6290
-6045
-5702
-5420
-5290
-5091
-4941
-4671
-4186
-3703
-3394
-3331
-3108
-2982
-2894
-2754
-2750
-2529
-2251
-1775
-1319
-796
-323
65
639
1060
1496
1886
2218
2528
2793
3015
3122
3335
3533
3632
4008
4324
4578
4754
4801
4810
4859
4943
5153
5298
5285
5548
5713
5628
5460
5150
4654
4259
3809
3489
3178
2690
2386
2116
2056
1888
1567
1388
1260
1063
980
1020
896
805
777
609
522
468
433
496
555
678
933
1173
1302
1532
1650
1700
1834
1825
1756
1515
1260
987
538
271
-25
-573
-995
-1131
-1350
-1567
-1673
-2060
-2374
-2612
-2920
-3255
-3599
-4029
-4371
-4631
-4740
-5042
-5393
-5705
-6055
-6210
-6258
-6178
-6145
-5834
-5436
-5076
-4626
-4029
-3638
-3381
-2941
-2657
-2294
-1877
-1630
-1507
-1369
-1085
-1002
-903
-685
-638
-602
-618
-510
-408
-221
160
489
923
1349
1777
2208
2538
2863
3210
3436
3577
3861
4038
4224
4364
4316
4243
4182
4181
4018
3986
3848
3660
3424
3153
2901
2677
2559
2358
2268
2127
1973
1711
1479
1070
652
465
276
406
415
534
653
541
570
641
472
349
284
148
138
119
134
213
397
464
693
781
785
855
814
626
392
277
238
271
369
441
333
241
-155
-672
-1083
-1365
-1738
-2000
-2139
-2450
-2588
-2693
-2934
-3112
-3222
-3344
-3372
-3274
-3150
-3123
-3076
-3235
-3358
-3408
-3414
-3326
-3266
-3189
-3007
-2833
-2684
-2411
-2192
-1941
-1635
-1315
-1047
-927
-941
-1128
-1157
-1139
-1167
-962
-618
-273
116
555
652
724
897
948
1181
1527
1942
2382
2828
3115
3374
3555
3662
3860
3949
4084
4320
4556
4430
4165
3814
3463
3085
2765
2465
2191
2039
1825
1543
1223
972
620
266
151
-30
-122
-161
-214
-349
-418
-397
-410
-286
-17
181
425
460
592
772
816
847
717
615
470
399
290
107
4
112
123
353
494
484
245
-1
-451
-1013
-1468
-1924
-2210
-2320
-2345
-2551
-2582
-2592
-2506
-2334
-2083
-2012
-1938
-1799
-1684
-1621
-1570
-1652
-1809
-1914
-1801
-1599
-1431
-1246
-1345
-1395
-1410
-1209
-1291
-1261
-1314
-1358
-1266
-1229
-1189
-1331
-1495
-1596
-1719
-1669
-1418
-1272
-1100
-852
-552
-373
-28
193
514
962
1282
1445
1666
2018
2174
2284
2340
2366
2424
2700
2822
2999
3236
3349
3417
3481
3561
3466
3355
3186
2966
2684
2371
2052
1716
1493
1386
1222
1001
824
790
704
508
351
182
35
-144
-185
-358
-418
-533
-544
-578
-674
-672
-729
-661
-722
-773
-918
-1176
-1274
-1308
-1210
-1022
-866
-841
-971
-1126
-1338
-1551
-1724
-1874
-1989
-1944
-2046
-2174
-2359
-2625
-2573
-2664
-2805
-2757
-2686
-2682
-2513
-2417
-2378
-2181
-1944
-1657
-1180
-711
-294
8
314
571
723
935
969
1078
1189
1212
1043
1013
1151
987
914
918
803
714
664
687
686
739
664
600
478
383
448
414
355
452
644
987
1353
1635
1929
2050
2068
1980
2031
1904
1815
1737
1616
1558
1607
1538
1451
1545
1450
1501
1611
1646
1618
1698
1627
1443
1394
1335
1204
1124
1129
1125
1035
894
754
497
201
-94
-396
-600
-828
-1059
-1246
-1304
-1478
-1768
-1825
-2073
-2241
-2248
-2377
-2343
-2298
-2226
-2340
-2515
-2659
-2916
-3135
-3203
-3140
-3006
-2824
-2724
-2634
-2475
-2288
-2036
-1765
-1625
-1502
-1378
-1308
-1203
-1080
-954
-891
-944
-783
-534
-342
-214
-229
-172
-139
-87
30
249
410
725
988
1274
1605
1656
1726
1704
1500
1482
1359
1225
1268
1270
1474
1788
1946
2117
2279
2354
2368
2318
2390
2516
2443
2395
2317
2063
1974
1918
1734
1702
1781
1897
2003
2129
2084
1928
1763
1443
1226
927
724
457
239
153
140
125
233
297
330
486
546
560
435
330
44
-83
-179
-139
-48
-14
113
175
295
325
200
49
-219
-548
-913
-1388
-1845
-2160
-2461
-2576
-2709
-2862
-2930
-3133
-3379
-3564
-3687
-4020
-4343
-4503
-4561
-4534
-4298
-4038
-4014
-3884
-3655
-3508
-3030
-2505
-1895
-1404
-1088
-673
-448
-80
39
175
361
483
764
1178
1544
1708
1790
1738
1644
1538
1565
1395
1191
962
766
649
586
537
584
746
986
1309
1631
1843
1993
2118
2104
2236
2378
2565
2820
2932
3120
3201
3277
3227
3145
3021
3019
3002
2893
2625
2399
2118
1787
1570
1309
1113
944
843
790
744
599
561
409
291
261
237
190
224
229
58
10
-140
-162
-109
0
139
289
482
398
365
271
45
-274
-521
-901
-1052
-1145
-1222
-1299
-1526
-1698
-1935
-2174
-2366
-2705
-3092
-3451
-3869
-4193
-4419
-4427
-4468
-4485
-4396
-4393
-4415
-4256
-4286
-4365
-4382
-4336
-4202
-3989
-3625
-3337
-3063
-2765
-2500
-2199
-1792
-1419
-997
-507
-10
473
825
1055
1223
1242
1233
1336
1440
1605
1910
2239
2600
2980
3168
3329
3599
3679
3800
3834
3952
4095
4039
4143
4088
4115
4099
4106
4116
3965
3930
3744
3661
3456
3296
3048
2847
2671
2471
2278
1940
1663
1339
1031
879
745
543
431
225
164
59
9
-78
-340
-511
-644
-713
-789
-799
-983
-1069
-1016
-982
-878
-688
-626
-647
-651
-707
-682
-880
-924
-1135
-1358
-1368
-1570
-1590
-1850
-2075
-2366
-2695
-3036
-3284
-3267
-3358
-3417
-3501
-3489
-3442
-3221
-2999
-2841
-2848
-2780
-2682
-2499
-2328
-2321
-2278
-2187
-2051
-1952
-1746
-1663
-1689
-1762
-1713
-1810
-1880
-1839
-1743
-1617
-1502
-1379
-1269
-1182
-1102
-961
-759
-455
-115
395
862
1402
1969
2361
2699
3047
3358
3483
3867
4121
4322
4653
4758
4873
4971
5058
5189
5082
4976
4845
4730
4585
4290
4059
3606
3248
2916
2635
2440
2209
1993
1824
1632
1455
1263
1018
789
463
263
58
-25
-236
-348
-475
-526
-592
-661
-671
-778
-808
-777
-728
-735
-851
-998
-1027
-1244
-1364
-1351
-1450
-1547
-1537
-1546
-1629
-1864
-1914
-1965
-2077
-2220
-2317
-2528
-2704
-2629
-2629
-2579
-2576
-2488
-2482
-2411
-2291
-2271
-2297
-2384
-2385
-2370
-2323
-2249
-2220
-2253
-2185
-2130
-2032
-2020
-1859
-1743
-1781
-1692
-1650
-1612
-1462
-1388
-1316
-1191
-1037
-827
-748
-734
-606
-422
-357
-123
48
252
533
946
1278
1466
1701
1818
2057
2390
2680
2840
2947
3073
3155
3313
3393
3271
3311
3277
3192
3136
2973
2931
2745
2629
2542
2404
2280
2336
2243
2123
1973
1765
1651
1434
1270
1131
990
781
724
709
640
578
605
494
406
348
129
-65
-281
-382
-485
-538
-713
-898
-1014
-1009
-991
-944
-854
-751
-807
-645
-452
-439
-309
-353
-440
-483
-425
-351
-395
-400
-557
-534
-673
-820
-980
-1114
-1297
-1491
-1655
-1777
-1954
-2174
-2436
-2562
-2633
-2772
-2753
-2794
-2753
-2731
-2869
-3009
-3109
-3197
-3094
-3050
-2923
-2630
-2372
-1947
-1661
-1176
-775
-449
-32
300
699
1163
1376
1542
1766
1675
1598
1514
1344
1240
1123
1021
927
930
998
1031
1073
1161
1254
1253
1372
1290
1254
1274
1280
1239
1157
1229
1182
1263
1448
1503
1557
1650
1711
1783
1837
1973
1868
1833
1815
1705
1771
1587
1593
1438
1260
1142
1009
880
711
657
414
294
229
139
23
-12
-49
-74
0
157
248
239
182
104
3
-64
-90
-270
-215
-125
-101
16
80
186
180
239
296
243
75
-60
-291
-657
-950
-1314
-1615
-1785
-1962
-2077
-2035
-2048
-2103
-2077
-2168
-2211
-2167
-2140
-2018
-1869
-1777
-1685
-1582
-1509
-1288
-1154
-1063
-1124
-1108
-1106
-1161
-1170
-1261
-1107
-1121
-967
-786
-730
-582
-450
-359
-350
-306
-324
-328
-423
-346
-605
-772
-725
-867
-930
-905
-851
-757
-582
-380
-150
-54
137
301
472
724
902
1164
1270
1301
1378
1524
1689
1832
1990
2170
2346
2540
2675
2723
2832
2834
2865
3074
3122
3130
3183
3134
3135
3141
3146
3096
3078
3001
2867
2769
2465
2259
2063
1709
1513
1362
1322
1199
1137
1012
873
664
492
274
48
-102
-417
-627
-885
-1037
-1175
-1286
-1347
-1418
-1472
-1449
-1551
-1564
-1714
-1824
-2032
-2248
-2402
-2626
-2716
-2728
-2844
-2935
-3059
-3197
-3216
-3345
-3405
-3553
-3615
-3790
-3837
-3836
-3816
-3676
-3540
-3377
-3119
-2991
-2677
-2639
-2673
-2589
-2668
-2548
-2482
-2282
-2119
-1914
-1754
-1524
-1289
-1039
-806
-568
-293
83
422
671
915
1166
1410
1568
1749
1911
2134
2294
2479
2605
2862
2970
3175
3512
3714
4030
4211
4376
4554
4685
4757
4827
4866
4852
4890
4809
4837
4734
4597
4490
4238
4085
3838
3580
3376
3144
2839
2631
2364
2132
1908
1684
1450
1129
896
542
244
-12
-263
-564
-810
-1027
-1265
-1449
-1750
-1944
-2209
-2462
-2691
-3039
-3310
-3582
-3793
-3960
-4211
-4464
-4728
-4908
-5050
-5196
-5238
-5351
-5353
-5274
-5107
-4991
-4926
-4820
-4611
-4406
-4224
-3916
-3717
-3535
-3215
-2938
-2752
-2397
-2084
-1924
-1648
-1413
-1096
-724
-405
-32
333
703
1008
1325
1614
1826
1945
2076
2125
2255
2260
2333
2431
2394
2450
2455
2473
2410
2545
2582
2671
2902
3092
3281
3454
3618
3784
3853
3826
3842
3868
3836
3798
3789
3719
3628
3604
3578
3488
3390
3297
3215
3108
2929
2836
2639
2426
2251
2042
1901
1712
1553
1320
1070
711
360
-67
-403
-802
-1171
-1431
-1635
-1834
-2081
-2232
-2479
-2537
-2599
-2692
-2680
-2817
-2958
-3079
-3230
-3335
-3497
-3622
-3689
-3729
-3680
-3657
-3609
-3576
-3514
-3462
-3371
-3269
-3168
-2964
-2899
-2770
-2768
-2788
-2635
-2580
-2429
-2181
-1895
-1602
-1212
-819
-558
-303
-40
230
443
716
1036
1239
1556
1762
1865
1997
2061
2159
2161
2217
2171
2201
2156
2191
2177
2079
1954
1841
1683
1509
1482
1256
1125
1017
849
761
619
514
342
186
172
73
69
29
-24
28
48
80
164
245
405
483
536
614
621
650
709
678
660
727
701
698
811
682
602
541
406
280
208
247
145
190
322
392
503
631
642
632
616
458
270
187
55
-165
-278
-420
-594
-651
-748
-812
-829
-914
-944
-1018
-1052
-1088
-1146
-1196
-1199
-1185
-1142
-1076
-992
-880
-757
-618
-539
-349
-299
-200
-134
-99
0
-51
-65
-84
-149
-127
-170
-136
-164
-34
104
169
368
430
503
587
605
493
582
540
506
432
407
357
301
266
150
95
5
-55
-133
-106
-148
-211
-332
-361
-486
-653
-619
-730
-796
-755
-752
-823
-867
-924
-1014
-1065
-1118
-1145
-1041
-901
-797
-640
-552
-484
-345
-175
-77
176
354
508
697
779
946
1091
1106
1255
1383
1437
1601
1710
1673
1749
1718
1688
1736
1660
1663
1712
1626
1539
1466
1362
1220
1090
1016
975
898
686
563
375
190
8
-170
-351
-459
-610
-759
-807
-1010
-1050
-1167
-1270
-1315
-1397
-1422
-1395
-1492
-1646
-1625
-1742
-1668
-1613
-1584
-1468
-1418
-1329
-1291
-1266
-1243
-1224
-1306
-1235
-1218
-1134
-1116
-1137
-1064
-1043
-916
-766
-582
-417
-321
-167
-98
11
5
68
112
124
201
281
340
317
451
455
508
554
628
707
672
689
689
689
688
688
583
636
658
659
705
692
763
732
794
729
749
839
815
806
882
847
853
881
771
848
809
787
808
757
886
990
1058
1128
1126
1172
1007
1014
954
862
849
736
692
675
715
657
589
543
486
415
317
275
227
68
-47
-111
-192
-270
-318
-379
-440
-451
-499
-571
-683
-730
-716
-810
-812
-807
-768
-788
-751
-761
-758
-732
-668
-631
-507
-332
-194
-99
-30
116
149
223
265
220
121
170
194
137
184
219
206
235
204
61
-25
-123
-241
-273
-435
-554
-638
-750
-855
-934
-982
-1018
-1129
-1192
-1140
-1175
-1072
-1111
-1207
-1109
-1091
-1023
-934
-938
-909
-904
-880
-922
-965
-1029
-1092
-1124
-1168
-1186
-1100
-1070
-1048
-954
-998
-942
-960
-923
-931
-943
-852
-903
-757
-809
-833
-646
-659
-465
-260
-94
121
404
587
665
757
868
995
1122
1120
1265
1485
1571
1667
1738
1921
1927
2073
2270
2308
2358
2432
2360
2351
2286
2202
2225
2157
2268
2278
2340
2458
2443
2445
2378
2239
2199
2037
2014
1896
1677
1543
1285
1143
985
844
653
543
472
326
258
114
-3
-201
-413
-499
-780
-903
-1087
-1228
-1373
-1547
-1630
-1714
-1725
-1743
-1842
-1869
-1891
-1979
-2003
-2050
-2058
-2001
-1989
-1904
-1942
-1881
-1836
-1910
-1848
-1837
-1785
-1732
-1621
-1476
-1490
-1375
-1349
-1348
-1364
-1395
-1359
-1324
-1293
-1261
-1224
-1229
-1046
-1054
-939
-891
-863
-794
-745
-677
-651
-585
-581
-512
-499
-403
-358
-286
-247
-175
4
178
271
505
607
733
853
914
1045
1118
1207
1265
1372
1481
1674
1743
1768
1868
1849
2019
2053
2191
2270
2335
2502
2532
2594
2579
2551
2381
2402
2375
2354
2327
2335
2243
2180
2128
2014
1870
1683
1492
1234
1106
915
659
368
111
-135
-361
-548
-697
-771
-867
-967
-1053
-1051
-1074
-1142
-1104
-1164
-1175
-1238
-1338
-1387
-1474
-1374
-1345
-1339
-1348
-1148
-1078
-1107
-958
-907
-850
-863
-835
-805
-887
-931
-976
-1108
-1210
-1271
-1390
-1456
-1450
-1545
-1527
-1554
-1559
-1628
-1702
-1710
-1766
-1789
-1809
-1839
-1835
-1763
-1736
-1678
-1582
-1600
-1494
-1425
-1406
-1289
-1219
-1069
-1029
-894
-801
-756
-624
-511
-328
-217
-35
119
324
506
687
837
968
1138
1237
1325
1416
1512
1660
1749
1842
1945
2027
2236
2339
2339
2463
2531
2554
2617
2694
2745
2823
2910
2924
2958
2973
2965
2858
2803
2747
2629
2532
2349
2363
2174
2017
1880
1713
1552
1342
1178
881
655
415
169
-84
-264
-453
-674
-800
-957
-1012
-1109
-1238
-1309
-1436
-1465
-1521
-1675
-1574
-1637
-1634
-1688
-1704
-1722
-1761
-1804
-1869
-1765
-1753
-1727
-1673
-1617
-1614
-1495
-1412
-1478
-1367
-1456
-1408
-1427
-1475
-1424
-1429
-1466
-1496
-1432
-1466
-1450
-1449
-1434
-1447
-1420
-1477
-1397
-1369
-1383
-1253
-1211
-1151
-1043
-919
-809
-750
-655
-525
-504
-406
-291
-214
-105
-17
55
197
292
445
556
737
960
1051
1231
1243
1389
1367
1306
1308
1247
1314
1333
1340
1450
1533
1643
1799
1783
1817
1806
1806
1803
1689
1662
1614
1545
1558
1510
1488
1426
1359
1369
1291
1173
1144
988
928
826
701
649
460
326
189
42
-121
-278
-492
-643
-822
-951
-1068
-1176
-1192
-1232
-1221
-1210
-1155
-1088
-1055
-1007
-923
-767
-688
-567
-456
-444
-407
-384
-286
-249
-164
-97
-19
55
208
327
394
427
485
417
404
459
358
337
255
259
180
178
214
158
105
48
-33
-143
-163
-214
-356
-515
-636
-731
-752
-823
-862
-920
-982
-955
-924
-880
-846
-751
-701
-650
-652
-588
-540
-545
-581
-573
-565
-481
-426
-369
-261
-275
-217
-205
-63
-22
-9
12
5
-1
33
74
25
45
3
58
66
116
102
146
169
151
200
242
303
299
379
284
357
397
378
445
450
458
564
585
667
689
620
752
680
737
763
809
870
884
983
1010
1005
1037
1033
976
1006
1058
1041
1028
1047
1002
1025
1077
1104
1118
1176
1167
1151
1124
1009
948
746
613
471
349
242
34
-110
-314
-489
-687
-846
-965
-1048
-1135
-1265
-1260
-1433
-1561
-1611
-1763
-1904
-1919
-2071
-2124
-2203
-2335
-2399
-2465
-2471
-2538
-2453
-2444
-2373
-2274
-2176
-2055
-1900
-1775
-1612
-1352
-1203
-932
-703
-456
-324
-195
-49
51
176
285
419
530
694
801
929
1062
1166
1200
1283
1323
1351
1461
1480
1483
1562
1533
1602
1558
1597
1644
1504
1587
1563
1567
1593
1576
1479
1400
1345
1190
1077
991
967
890
948
958
894
939
859
800
792
662
622
587
505
551
582
588
528
505
463
421
331
326
268
241
231
133
36
-27
-91
-193
-225
-346
-407
-435
-500
-541
-611
-693
-814
-880
-1035
-1213
-1315
-1449
-1588
-1641
-1763
-1768
-1799
-1888
-1837
-1854
-1819
-1811
-1867
-1824
-1850
-1869
-1717
-1713
-1666
-1552
-1439
-1360
-1323
-1123
-1072
-937
-808
-681
-468
-341
-177
-60
7
122
303
363
581
841
993
1253
1345
1493
1555
1608
1659
1643
1702
1705
1681
1705
1725
1581
1577
1497
1373
1380
1316
1238
1140
1056
984
877
789
765
665
640
554
512
447
318
294
112
109
-71
-132
-247
-399
-490
-577
-561
-598
-553
-566
-511
-417
-401
-359
-339
-315
-270
-245
-243
-121
-10
-11
23
16
49
108
162
146
199
299
353
412
338
386
324
277
256
145
134
35
-70
-182
-223
-354
-456
-575
-568
-640
-714
-757
-809
-922
-936
-983
-1101
-1014
-1033
-1004
-923
-824
-753
-631
-557
-386
-303
-251
-146
-75
12
39
72
41
59
-2
-7
21
54
101
104
119
69
99
78
23
5
-73
-49
-5
3
32
32
90
133
151
175
163
221
219
225
285
264
270
284
295
251
252
231
231
217
213
221
230
199
147
111
116
99
121
84
116
103
176
181
194
167
156
145
130
175
163
239
257
328
338
381
399
392
544
568
640
678
705
714
664
786
729
733
618
628
599
450
482
424
275
254
161
20
-23
-147
-249
-346
-503
-580
-666
-781
-834
-919
-989
-1066
-1093
-1137
-1138
-1174
-1114
-1120
-1132
-1039
-1046
-1022
-972
-920
-842
-779
-737
-634
-555
-454
-372
-306
-244
-117
-57
-23
99
119
142
223
250
248
317
321
266
361
255
309
400
373
473
432
519
473
463
565
548
632
674
676
829
842
956
932
961
931
816
832
787
741
655
607
488
439
412
350
296
176
81
78
-37
-162
-146
-242
-291
-337
-416
-490
-502
-546
-610
-614
-712
-752
-732
-696
-723
-830
-707
-827
-888
-740
-800
-687
-606
-558
-484
-377
-315
-213
-140
-124
-52
-101
-71
-41
-35
42
-23
-23
32
71
144
85
198
274
311
395
406
433
509
509
542
553
561
628
561
575
598
615
582
599
556
573
645
586
567
523
549
478
413
376
311
249
290
266
130
187
129
128
108
88
16
32
8
-56
-65
-78
-84
-102
-153
-178
-144
-160
-172
-250
-272
-180
-178
-195
-193
-226
-243
-293
-317
-326
-406
-480
-541
-634
-705
-791
-835
-920
-969
-1081
-1151
-1213
-1282
-1272
-1335
-1331
-1281
-1262
-1200
-1118
-996
-923
-886
-797
-719
-590
-457
-402
-268
-162
-102
-1
39
132
182
226
288
390
480
518
539
570
619
585
734
788
813
932
990
1023
1092
1155
1202
1280
1360
1419
1506
1608
1665
1658
1659
1665
1645
1635
1680
1615
1605
1528
1505
1419
1319
1255
1085
1023
890
797
653
582
419
289
162
4
-61
-161
-183
-299
-421
-546
-626
-689
-750
-757
-807
-892
-903
-866
-898
-805
-761
-808
-728
-696
-689
-718
-743
-755
-846
-870
-886
-944
-952
-887
-1009
-1016
-1061
-1164
-1204
-1212
-1272
-1285
-1284
-1258
-1195
-1228
-1153
-1145
-1088
-1046
-1050
-1074
-1081
-1120
-1082
-1031
-981
-933
-932
-895
-864
-828
-799
-785
-720
-604
-591
-475
-415
-380
-309
-266
-208
-135
-52
72
202
299
465
487
486
586
665
750
879
996
1123
1266
1359
1519
1569
1657
1768
1736
1789
1773
1745
1723
1701
1641
1587
1566
1471
1455
1454
1392
1295
1213
1134
1000
868
839
749
717
667
574
542
524
504
440
363
289
284
179
139
143
25
-71
-115
-212
-243
-264
-300
-352
-338
-344
-351
-260
-285
-287
-330
-296
-287
-346
-314
-411
-414
-449
-561
-493
-538
-494
-478
-499
-488
-549
-527
-620
-645
-615
-579
-606
-580
-588
-633
-648
-585
-631
-579
-604
-631
-605
-589
-689
-686
-676
-707
-702
-655
-627
-603
-575
-584
-563
-543
-449
-417
-315
-307
-218
-237
-239
-198
-198
-131
-168
-117
-59
25
54
88
120
138
103
143
169
216
278
261
380
437
461
482
535
552
517
528
473
532
502
561
575
588
590
581
604
514
522
453
418
396
296
311
246
148
117
-7
-19
-61
-105
-82
-154
-87
-115
-134
-121
-239
-160
-195
-161
-189
-195
-208
-215
-160
-134
-84
-67
-30
-42
-28
-11
49
85
61
108
132
194
254
293
412
368
415
363
395
410
324
330
210
181
136
39
57
2
-102
-79
-193
-268
-206
-256
-208
-177
-210
-203
-230
-263
-282
-333
-368
-368
-426
-451
-432
-419
-412
-375
-326
-258
-264
-165
-141
-92
-34
-59
-52
-47
23
-69
-62
-64
-30
-64
8
3
45
113
139
138
121
169
96
107
47
101
48
36
-62
-52
-63
-103
-63
-175
-169
-203
-210
-240
-253
-259
-229
-231
-170
-144
-178
-138
-64
-97
-20
49
72
129
218
219
295
350
375
506
609
630
679
670
727
768
718
775
749
767
781
850
769
780
792
709
731
688
669
632
583
511
528
491
399
491
410
455
422
397
352
337
257
211
150
-9
1
-132
-222
-283
-399
-469
-510
-588
-655
-654
-732
-776
-754
-867
-891
-907
-957
-1026
-1062
-1070
-1138
-1132
-1072
-1119
-1060
-1012
-1085
-971
-990
-1042
-953
-897
-899
-833
-793
-766
-718
-662
-647
-653
-599
-622
-606
-570
-494
-505
-483
-454
-495
-417
-371
-347
-311
-269
-202
-161
-97
-64
22
35
84
217
244
330
479
526
595
689
715
806
896
930
1031
1095
1109
1176
1195
1155
1261
1210
1225
1231
1202
1185
1126
1132
1078
998
982
963
935
888
890
871
781
826
726
693
689
629
561
481
422
363
253
207
110
58
-19
-149
-137
-270
-284
-311
-325
-335
-374
-391
-436
-438
-477
-534
-606
-676
-677
-712
-672
-649
-633
-556
-471
-449
-335
-176
-124
-52
11
41
6
78
42
41
135
170
247
280
318
310
250
255
181
60
-42
-110
-192
-228
-264
-349
-423
-464
-458
-477
-459
-495
-475
-522
-533
-571
-651
-662
-660
-676
-622
-752
-696
-663
-703
-683
-733
-692
-692
-574
-556
-507
-464
-414
-464
-460
-411
-443
-372
-375
-342
-305
-237
-228
-184
-167
-139
-126
-97
-86
-63
-62
-78
-23
-54
-6
14
38
124
206
237
230
280
296
312
303
248
327
300
341
374
346
414
537
603
663
729
791
778
763
770
741
783
797
875
917
918
947
934
930
899
951
988
974
1083
1103
1104
1145
1173
1106
1124
1109
1064
1132
1079
1027
981
907
758
730
644
571
593
486
432
384
278
179
98
-55
-187
-280
-449
-592
-697
-863
-988
-1064
-1108
-1187
-1210
-1229
-1363
-1368
-1435
-1501
-1566
-1602
-1621
-1688
-1643
-1676
-1664
-1640
-1627
-1631
-1625
-1507
-1498
-1376
-1328
-1303
-1201
-1159
-1108
-984
-927
-875
-822
-732
-670
-676
-553
-494
-394
-341
-204
-105
-83
2
98
120
186
253
294
350
391
432
458
432
487
582
592
681
756
820
818
869
906
841
936
937
873
978
1028
995
1088
1152
1157
1190
1175
1250
1137
1156
1210
1143
1151
1121
1194
1147
1272
1337
1264
1324
1324
1284
1206
1159
992
944
853
873
793
706
738
568
541
408
366
298
179
123
-4
-71
-122
-246
-333
-427
-440
-569
-625
-651
-737
-827
-888
-937
-994
-1015
-1008
-1027
-1114
-1033
-1034
-1068
-1027
-1046
-1069
-1047
-1104
-1083
-1056
-1010
-1011
-984
-920
-923
-844
-806
-780
-784
-812
-809
-815
-753
-719
-765
-754
-746
-789
-732
-694
-731
-679
-620
-594
-559
-536
-519
-469
-505
-488
-412
-404
-270
-238
-188
-147
-135
-139
-70
-95
-120
-78
-72
-4
0
115
101
205
208
241
311
301
366
373
453
489
549
637
591
602
613
596
625
610
655
632
653
663
741
791
758
823
871
957
981
1026
1068
1112
1047
1081
1016
974
1031
928
915
958
959
950
970
902
903
816
809
894
837
938
904
910
952
926
916
857
834
744
647
551
479
415
341
265
148
109
26
-37
-76
-147
-219
-210
-304
-345
-275
-335
-370
-430
-457
-520
-554
-585
-706
-764
-840
-889
-1009
-1107
-1111
-1235
-1298
-1316
-1397
-1410
-1417
-1414
-1482
-1448
-1473
-1491
-1450
-1436
-1503
-1522
-1528
-1543
-1451
-1389
-1308
-1252
-1131
-1094
-1032
-893
-868
-766
-717
-637
-540
-518
-365
-275
-201
-90
-30
59
92
153
283
269
287
399
407
445
585
634
736
822
893
951
1029
1119
1109
1161
1114
1172
1214
1223
1210
1200
1267
1274
1294
1341
1263
1283
1239
1184
1110
1055
1007
925
869
895
820
812
792
700
651
606
662
526
548
567
475
474
453
316
304
188
133
41
-6
8
-58
-156
-217
-337
-421
-469
-567
-560
-632
-631
-681
-710
-648
-692
-698
-702
-711
-717
-697
-707
-776
-870
-909
-931
-1068
-1103
-1162
-1223
-1173
-1192
-1148
-1115
-1111
-1008
-1019
-968
-940
-923
-916
-825
-782
-779
-716
-593
-589
-562
-453
-430
-298
-245
-180
-42
12
140
235
224
331
373
438
480
548
618
619
722
807
780
838
807
830
869
921
935
938
982
932
971
910
896
903
847
771
777
734
685
660
628
600
516
455
385
292
186
192
70
54
-15
-69
-137
-265
-253
-383
-372
-421
-414
-414
-430
-360
-399
-340
-314
-372
-361
-306
-308
-300
-294
-292
-332
-310
-245
-240
-242
-249
-195
-236
-252
-272
-244
-229
-256
-242
-256
-117
-86
-13
17
-8
22
-3
1
-14
8
30
-14
22
-28
-70
1
-89
-41
8
66
206
212
301
341
384
418
434
452
456
479
530
554
573
553
573
572
614
615
661
738
685
739
710
703
654
661
601
575
529
453
454
341
315
287
241
122
146
140
85
87
57
-75
-136
-151
-313
-400
-487
-454
-581
-657
-666
-761
-803
-833
-804
-877
-903
-949
-1015
-1060
-1103
-1172
-1221
-1251
-1276
-1237
-1245
-1168
-1152
-1089
-1075
-1061
-949
-974
-875
-854
-760
-707
-685
-644
-608
-590
-603
-531
-497
-436
-347
-250
-221
-178
-51
-19
50
33
101
139
202
276
301
343
482
596
645
788
804
945
995
1093
1218
1265
1338
1380
1375
1383
1373
1331
1370
1321
1355
1323
1350
1338
1347
1312
1342
1261
1266
1276
1194
1136
1091
976
889
818
672
634
560
497
377
347
175
111
38
-66
-85
-185
-281
-337
-411
-474
-572
-620
-742
-801
-818
-935
-887
-932
-969
-1018
-1029
-994
-1062
-962
-966
-937
-868
-869
-818
-808
-734
-769
-730
-714
-678
-624
-641
-596
-641
-559
-588
-551
-469
-533
-500
-450
-492
-429
-378
-395
-398
-337
-330
-361
-270
-307
-262
-209
-259
-173
-141
-141
-10
-15
73
141
145
256
229
304
258
243
268
232
315
305
346
339
348
317
337
353
327
354
335
399
420
377
415
437
379
283
325
319
302
328
255
317
251
290
209
194
199
224
287
255
279
262
303
198
206
158
144
124
179
178
207
244
182
229
201
227
169
126
129
142
78
99
66
20
-4
-30
-66
-121
-67
-89
-45
-4
-55
4
-19
-57
-121
-124
-135
-191
-119
-196
-128
-148
-145
-134
-213
-185
-215
-167
-160
-116
-143
-95
-138
-186
-113
-210
-259
-267
-362
-457
-395
-449
-482
-516
-527
-526
-609
-581
-645
-605
-642
-617
-577
-564
-477
-414
-408
-347
-301
-283
-250
-185
-118
-111
-112
-18
-27
-7
43
60
110
136
198
273
340
399
477
507
525
554
620
658
713
732
743
777
806
865
807
855
834
889
920
890
893
899
833
833
847
799
805
721
771
688
713
707
647
693
651
646
669
687
695
659
715
703
695
713
719
685
631
663
575
586
526
489
450
353
270
202
63
-37
-157
-213
-285
-436
-533
-585
-684
-839
-849
-976
-1069
-1119
-1134
-1166
-1195
-1233
-1306
-1342
-1382
-1441
-1412
-1466
-1493
-1488
-1512
-1490
-1547
-1600
-1602
-1650
-1711
-1687
-1753
-1703
-1714
-1624
-1602
-1585
-1493
-1490
-1397
-1377
-1329
-1229
-1190
-1110
-1074
-1004
-875
-757
-632
-595
-442
-350
-203
-98
-91
64
176
249
343
462
547
662
762
787
878
983
1013
1093
1152
1186
1236
1332
1406
1485
1556
1596
1687
1718
1805
1854
1781
1830
1748
1812
1783
1734
1747
1725
1639
1574
1520
1441
1358
1271
1198
1084
1086
908
895
831
687
666
513
518
482
422
343
270
215
194
126
72
-15
-64
-120
-238
-279
-370
-442
-451
-537
-608
-649
-663
-736
-712
-741
-777
-783
-833
-810
-827
-860
-864
-816
-858
-810
-843
-838
-809
-803
-774
-822
-786
-800
-754
-744
-754
-729
-721
-718
-734
-740
-778
-730
-736
-728
-653
-675
-587
-548
-552
-493
-481
-429
-357
-336
-216
-220
-140
-63
-85
77
44
127
121
111
198
197
229
228
239
236
278
363
374
430
520
508
589
654
728
754
776
823
842
871
898
946
947
1003
955
886
959
833
757
729
708
608
621
580
453
526
416
373
310
231
198
163
88
127
-8
-14
-32
-75
-35
-44
-60
-58
-125
-132
-135
-171
-166
-269
-259
-251
-281
-284
-261
-310
-368
-332
-361
-456
-474
-485
-539
-530
-614
-603
-606
-637
-566
-602
-600
-634
-616
-630
-627
-596
-640
-628
-596
-607
-602
-605
-675
-634
-694
-686
-638
-653
-656
-625
-640
-614
-570
-595
-575
-621
-604
-617
-561
-536
-483
-416
-391
-332
-323
-286
-241
-171
-137
-78
36
60
98
217
243
299
373
397
486
540
625
675
732
753
828
813
855
910
922
1036
1093
1105
1193
1252
1239
1344
1414
1412
1436
1460
1433
1464
1454
1401
1413
1361
1382
1355
1335
1235
1241
1154
1090
1066
964
944
866
800
788
738
657
656
485
476
379
267
193
83
-7
-161
-261
-456
-587
-672
-836
-924
-1042
-1129
-1198
-1256
-1351
-1374
-1446
-1517
-1520
-1660
-1670
-1742
-1731
-1770
-1811
-1715
-1798
-1698
-1756
-1755
-1689
-1705
-1596
-1602
-1550
-1485
-1393
-1368
-1315
-1242
-1154
-1067
-1043
-941
-839
-726
-661
-576
-481
-413
-339
-261
-193
-142
-47
15
197
292
397
577
547
666
733
766
824
894
967
963
1061
1082
1144
1162
1214
1194
1233
1275
1275
1248
1250
1225
1270
1297
1317
1395
1359
1395
1325
1337
1301
1220
1214
1117
1097
1017
978
867
818
739
627
578
496
405
382
274
207
137
12
12
-109
-170
-192
-235
-313
-331
-409
-474
-559
-556
-653
-716
-719
-860
-852
-951
-1024
-1009
-1030
-989
-976
-1034
-932
-978
-904
-884
-967
-931
-975
-903
-902
-932
-833
-871
-795
-713
-699
-576
-548
-494
-394
-354
-266
-228
-96
-93
-82
-6
-75
62
8
61
36
11
48
-13
93
135
148
180
282
274
347
375
347
394
364
402
441
484
492
521
527
496
548
588
620
603
650
658
706
652
667
602
658
678
623
723
670
670
670
589
563
582
572
594
606
628
589
532
572
502
487
436
454
432
443
453
378
304
254
188
150
98
82
-31
-59
-88
-201
-176
-227
-301
-301
-352
-413
-373
-452
-484
-573
-686
-696
-766
-786
-861
-971
-977
-1011
-969
-983
-995
-1017
-1027
-1031
-1054
-1038
-1075
-996
-1006
-1020
-943
-972
-916
-895
-880
-872
-805
-701
-616
-438
-302
-258
-103
-3
7
173
218
252
302
341
438
505
548
617
636
687
700
743
741
773
783
812
774
733
814
728
738
730
673
676
698
686
717
755
642
639
600
500
466
433
378
297
302
220
172
89
36
-18
-119
-136
-206
-210
-295
-309
-331
-349
-413
-383
-438
-481
-455
-530
-495
-474
-472
-439
-441
-430
-359
-293
-266
-281
-295
-261
-270
-283
-255
-282
-240
-190
-191
-178
-107
-70
-52
-45
-6
-49
20
17
-7
8
-29
18
75
122
90
141
155
139
143
146
142
156
152
136
83
91
79
44
38
-29
-16
-44
-90
-70
-80
-53
-77
-81
-52
-61
-8
-29
-57
-34
-60
-14
97
-19
45
134
81
95
100
102
109
169
219
264
294
354
372
425
458
497
483
505
514
508
527
491
510
481
454
464
468
402
416
324
263
318
218
225
196
84
131
109
67
39
57
32
-8
-4
-7
-75
3
-79
-77
-59
-115
-90
-181
-116
-213
-196
-167
-141
-141
-95
-122
-127
-18
-71
-60
-16
-48
-66
-14
-76
-122
-82
-128
-133
-122
-164
-150
-204
-177
-137
-191
-185
-184
-194
-206
-191
-282
-368
-384
-465
-503
-482
-543
-544
-538
-542
-530
-540
-530
-565
-514
-490
-519
-458
-445
-436
-425
-449
-436
-368
-391
-328
-382
-357
-288
-295
-319
-314
-270
-355
-254
-273
-261
-183
-208
-231
-190
-230
-180
-147
-123
-93
-64
-69
6
49
43
149
159
203
235
250
292
368
367
397
467
418
469
526
527
612
620
674
741
750
855
836
863
869
902
832
818
812
736
703
678
716
607
615
572
488
483
514
394
424
409
309
322
178
143
117
0
-32
-68
-171
-105
-152
-194
-185
-289
-311
-345
-359
-293
-296
-345
-309
-245
-265
-255
-240
-324
-305
-306
-377
-330
-367
-429
-403
-437
-491
-472
-478
-512
-482
-499
-435
-388
-333
-256
-280
-253
-194
-209
-144
-104
-125
-87
-70
-60
-126
-96
-87
-67
20
76
53
167
188
212
248
278
329
317
424
405
416
502
466
479
499
435
526
559
583
610
643
561
624
613
624
618
582
586
570
604
587
607
514
551
500
498
331
396
246
170
138
-29
-62
-188
-290
-374
-439
-558
-589
-639
-717
-751
-769
-871
-908
-916
-1023
-1046
-1122
-1237
-1263
-1331
-1361
-1363
-1375
-1346
-1281
-1341
-1286
-1288
-1302
-1254
-1224
-1210
-1199
-1074
-1081
-1051
-931
-921
-808
-805
-693
-564
-504
-359
-303
-225
-164
-89
-48
36
165
189
273
406
490
544
650
764
862
935
989
1062
1126
1241
1309
1328
1375
1350
1332
1377
1387
1349
1411
1361
1354
1360
1343
1378
1313
1305
1239
1211
1210
1165
1136
1081
976
884
835
773
676
647
607
536
498
439
408
434
362
323
317
323
325
356
325
276
210
166
161
149
156
144
73
58
69
21
34
-32
-101
-115
-185
-245
-266
-352
-466
-473
-549
-615
-627
-705
-762
-834
-881
-906
-936
-951
-993
-1011
-1083
-1112
-1119
-1177
-1203
-1299
-1291
-1242
-1309
-1218
-1201
-1197
-1183
-1128
-1132
-1104
-996
-1002
-934
-883
-848
-807
-753
-688
-698
-643
-590
-535
-418
-340
-290
-231
-173
-174
-126
-93
-99
-52
-52
-22
-44
-60
9
-36
-33
-9
11
64
200
144
267
403
391
515
441
498
516
532
564
572
648
708
751
754
766
786
782
803
809
839
892
904
974
972
975
1039
962
967
974
915
920
928
920
885
899
841
846
860
900
830
850
932
880
856
845
812
719
688
608
617
521
498
445
360
302
161
158
33
-127
-138
-227
-360
-455
-580
-655
-785
-806
-884
-962
-1021
-1047
-1095
-1178
-1191
-1222
-1279
-1345
-1312
-1392
-1395
-1363
-1395
-1378
-1344
-1333
-1336
-1227
-1245
-1183
-1162
-1172
-1068
-1073
-939
-921
-852
-723
-659
-600
-525
-458
-407
-328
-297
-173
-80
34
95
165
245
277
384
468
544
642
712
812
829
898
931
883
971
975
966
1018
1093
1116
1111
1125
1069
1042
1039
971
1022
920
871
897
824
771
762
749
666
713
676
664
705
588
643
566
551
515
462
407
388
375
308
362
334
278
295
284
256
259
234
174
174
163
62
-3
-105
-122
-244
-301
-362
-463
-405
-447
-519
-602
-617
-602
-660
-611
-654
-659
-680
-689
-729
-756
-759
-777
-807
-825
-812
-839
-766
-822
-771
-793
-805
-739
-754
-707
-711
-696
-771
-751
-754
-781
-708
-732
-749
-740
-693
-733
-697
-600
-638
-521
-438
-425
-389
-384
-329
-305
-342
-251
-231
-195
-92
-103
-7
52
109
194
262
346
385
512
517
521
558
544
575
633
610
638
648
701
716
731
764
766
809
839
839
810
828
851
810
809
773
730
806
770
793
722
668
710
657
602
604
542
509
482
398
419
312
323
276
220
281
256
255
283
234
228
215
136
120
126
94
85
75
55
63
64
77
-5
-17
0
-42
-99
-115
-162
-182
-192
-197
-211
-185
-191
-206
-246
-297
-273
-267
-310
-334
-361
-432
-467
-521
-560
-591
-609
-641
-673
-625
-691
-706
-668
-728
-678
-741
-734
-765
-689
-736
-689
-694
-679
-584
-533
-459
-423
-381
-337
-271
-143
-188
-101
-51
-84
3
-60
-20
-48
-39
-37
-8
-6
59
107
166
253
263
301
290
308
287
285
289
196
240
244
165
146
188
181
199
191
154
130
173
113
94
83
60
52
47
80
29
92
21
-13
24
-35
20
77
101
137
234
279
301
368
403
451
521
513
521
564
550
544
626
568
607
571
544
593
547
573
499
517
447
374
299
267
204
132
131
98
60
-4
30
5
-10
24
-61
-90
-172
-194
-245
-326
-327
-446
-494
-516
-540
-532
-526
-517
-503
-499
-464
-531
-492
-492
-574
-510
-564
-539
-550
-490
-556
-548
-558
-529
-444
-453
-353
-360
-285
-190
-173
-108
-81
-64
2
36
23
18
81
21
88
74
128
130
58
156
68
134
117
74
65
80
109
51
69
45
59
-18
18
11
-14
35
39
12
6
66
-19
-16
38
-42
-30
62
-23
74
106
115
166
130
194
140
184
191
203
226
293
318
350
425
315
457
441
410
493
420
416
343
391
359
353
371
303
368
348
324
333
270
218
174
197
118
100
58
40
-11
-21
-63
-105
-93
-81
-62
-127
-120
-137
-87
-117
-90
-77
-50
-47
-54
-74
-74
-117
-83
-121
-188
-159
-89
-152
-141
-117
-175
-160
-112
-133
-123
-91
-162
-154
-205
-236
-184
-256
-219
-220
-248
-188
-225
-179
-167
-159
-164
-95
-123
-96
-73
-111
-115
-96
-68
-101
-82
-124
-66
-52
-6
-31
-44
-16
-7
6
10
5
0
-34
-42
-13
-88
28
-57
-15
-23
11
46
15
45
25
65
-3
82
15
2
3
-48
-72
-101
-45
-76
-83
-42
-112
-122
-133
-123
-135
-173
-209
-205
-187
-205
-173
-135
-151
-164
-132
-154
-43
-74
-23
-10
27
50
71
142
102
106
137
129
125
141
155
175
201
258
251
291
278
258
283
278
286
309
261
276
307
295
320
287
290
251
251
205
231
183
153
179
210
209
183
282
215
294
309
302
290
274
234
183
167
104
68
32
54
46
50
78
99
40
45
65
-5
46
-53
-64
-76
-147
-151
-181
-196
-244
-251
-316
-364
-360
-406
-410
-390
-395
-390
-417
-409
-380
-398
-419
-365
-401
-443
-397
-416
-459
-410
-420
-424
-355
-448
-454
-362
-369
-302
-341
-283
-301
-324
-280
-283
-284
-272
-229
-240
-175
-180
-125
-83
-111
-52
-27
8
46
120
149
160
218
176
240
314
315
344
384
391
430
432
425
438
475
490
516
501
553
552
536
558
486
544
466
463
383
392
429
375
352
286
351
296
333
319
256
272
209
129
130
110
36
56
6
-13
-29
-79
-94
-152
-202
-212
-286
-300
-280
-329
-270
-331
-373
-335
-345
-320
-325
-366
-348
-341
-310
-324
-309
-305
-349
-218
-228
-165
-145
-149
-107
-136
-97
-51
-28
-68
15
24
35
31
69
65
118
109
102
132
63
50
-9
17
-52
-68
-60
-102
-122
-134
-71
-158
-138
-144
-169
-141
-133
-206
-133
-196
-237
-185
-199
-165
-189
-177
-129
-107
-123
-82
-53
-58
4
45
88
92
142
138
149
192
205
216
222
223
200
216
279
313
368
429
419
493
504
570
591
586
608
590
566
549
545
531
522
428
405
418
364
399
374
372
322
319
271
226
196
181
183
173
236
209
220
192
205
149
177
108
71
90
10
65
36
-55
-15
-102
-105
-108
-153
-149
-194
-272
-253
-314
-417
-467
-547
-572
-551
-647
-715
-748
-809
-858
-911
-949
-988
-959
-954
-902
-922
-903
-892
-919
-934
-916
-905
-897
-820
-872
-750
-744
-731
-638
-604
-580
-489
-501
-394
-345
-269
-141
-99
17
132
168
292
370
312
448
391
463
454
527
620
633
643
666
760
718
731
750
792
809
846
887
834
886
865
789
819
841
767
807
793
766
716
653
637
551
513
424
416
400
316
311
273
172
143
67
-49
-24
-125
-133
-197
-211
-206
-260
-234
-263
-207
-246
-209
-178
-172
-152
-210
-141
-189
-256
-215
-244
-325
-323
-336
-360
-421
-390
-459
-462
-461
-466
-488
-509
-495
-557
-578
-598
-639
-664
-666
-641
-622
-595
-558
-501
-462
-465
-349
-355
-350
-293
-275
-211
-233
-171
-151
-196
-122
-116
-102
-55
-61
-59
19
60
81
151
139
174
205
246
263
307
307
276
372
320
350
404
402
387
413
434
482
531
519
535
584
531
540
502
504
520
450
489
436
558
499
537
558
523
622
563
541
532
491
418
411
409
335
311
357
369
381
398
390
423
433
401
427
351
329
320
271
268
241
154
130
153
73
141
101
114
92
58
45
-21
-32
-124
-169
-225
-235
-282
-299
-325
-343
-425
-460
-516
-588
-605
-619
-690
-702
-764
-787
-730
-802
-689
-726
-725
-662
-624
-590
-597
-585
-600
-542
-505
-488
-447
-418
-405
-387
-363
-363
-335
-271
-248
-139
-171
-176
-155
-217
-243
-252
-283
-281
-257
-272
-299
-319
-274
-356
-322
-301
-356
-327
-284
-266
-292
-264
-252
-297
-299
-239
-244
-236
-186
-178
-101
-95
-12
-8
1
18
-37
36
66
56
136
191
188
286
261
335
354
383
446
527
606
619
754
724
771
794
757
711
696
634
646
654
618
609
604
627
639
678
713
724
693
726
686
721
705
755
696
651
674
580
652
568
535
506
497
465
464
467
426
446
402
318
307
267
202
187
171
131
93
81
7
-22
-26
-90
-111
-153
-176
-148
-235
-313
-329
-402
-427
-474
-495
-495
-581
-660
-596
-672
-715
-658
-726
-738
-765
-752
-831
-830
-843
-833
-861
-918
-889
-900
-931
-880
-902
-867
-782
-825
-809
-817
-760
-821
-758
-763
-780
-745
-736
-693
-638
-582
-557
-479
-453
-364
-295
-187
-130
-65
45
105
179
254
329
400
452
489
497
606
553
678
712
628
738
680
723
749
820
778
788
776
774
774
783
759
634
599
513
521
429
382
404
283
253
228
181
152
114
68
71
57
-21
1
-120
-130
-202
-270
-266
-347
-308
-336
-349
-385
-384
-386
-433
-389
-361
-375
-372
-326
-307
-289
-252
-293
-219
-279
-210
-160
-134
20
-11
30
122
114
174
256
271
340
378
409
398
394
408
419
383
419
428
471
536
511
497
474
499
469
468
535
512
522
537
559
484
546
458
470
425
366
415
375
371
308
318
298
253
237
176
108
118
29
-18
-51
-75
-119
-105
-177
-137
-141
-113
-109
-133
-127
-146
-107
-84
-106
-132
-93
-187
-160
-142
-204
-189
-139
-193
-196
-201
-205
-267
-301
-341
-449
-425
-522
-595
-569
-585
-583
-585
-575
-618
-620
-535
-609
-597
-552
-582
-572
-493
-525
-539
-490
-503
-500
-475
-461
-412
-402
-403
-344
-340
-276
-243
-199
-200
-81
-58
-29
5
-28
35
78
93
107
165
191
230
224
262
252
257
294
237
255
265
253
217
166
175
91
51
66
56
-41
-53
-88
-114
-120
-124
-48
-106
-100
-47
-57
-38
-27
-19
-4
28
66
96
141
175
238
296
283
