SAMPLES:	14339
BITSPERSAMPLE:	16
CHANNELS:	1
SAMPLERATE:	16000
NORMALIZED:	FALSE
-167
-162
-125
-93
-44
-21
31
36
78
83
111
179
164
247
264
306
362
381
368
392
421
447
483
485
521
525
540
507
487
478
440
398
357
351
326
286
273
244
238
256
206
209
181
188
188
143
164
146
156
129
140
137
112
90
62
40
36
68
55
93
72
89
75
28
23
-45
-77
-61
-98
-83
-105
-168
-203
-233
-275
-303
-307
-303
-294
-283
-263
-238
-201
-186
-176
-191
-148
-152
-146
-113
-144
-148
-173
-193
-213
-225
-221
-233
-219
-212
-210
-188
-226
-212
-176
-202
-223
-209
-196
-211
-205
-197
-211
-222
-198
-225
-215
-218
-218
-209
-203
-211
-203
-179
-215
-221
-177
-210
-188
-131
-129
-119
-81
-70
-66
-84
-108
-100
-106
-97
-113
-86
-79
-30
-5
49
80
164
175
222
281
292
351
343
354
349
303
303
295
268
261
228
229
228
235
272
287
286
302
297
316
282
286
291
250
276
305
341
341
356
362
355
358
351
363
356
387
368
371
378
325
329
321
295
263
264
240
237
226
190
182
100
70
27
-77
-102
-164
-244
-290
-358
-387
-417
-461
-468
-482
-450
-461
-448
-421
-414
-429
-451
-448
-480
-481
-518
-525
-545
-556
-504
-549
-532
-573
-514
-524
-509
-443
-457
-397
-389
-321
-276
-227
-189
-139
-59
-55
21
53
49
78
125
124
157
222
216
259
314
373
368
442
452
491
523
547
545
537
531
534
517
492
468
440
440
384
380
352
305
261
253
222
210
245
274
283
331
293
296
285
274
282
220
228
209
187
164
98
78
36
-2
-17
-57
-114
-113
-207
-238
-297
-368
-422
-442
-455
-527
-500
-519
-530
-527
-524
-548
-523
-525
-503
-473
-442
-392
-358
-282
-287
-233
-209
-181
-132
-105
-76
-67
-64
-80
-58
-92
-87
-98
-75
-89
-81
-73
-112
-70
-74
-93
-61
-63
-69
-24
-16
23
54
78
116
135
171
203
204
229
259
283
316
335
387
404
399
407
405
385
380
385
380
353
331
353
356
333
331
312
310
288
280
291
276
291
305
310
249
249
210
178
156
115
60
55
21
-27
-49
-116
-158
-203
-213
-252
-263
-294
-319
-300
-332
-345
-346
-377
-389
-396
-386
-402
-353
-347
-325
-297
-273
-267
-249
-239
-262
-242
-263
-240
-274
-282
-283
-284
-304
-249
-247
-221
-145
-191
-90
-81
-18
25
25
127
119
151
164
159
157
192
163
166
194
160
174
153
146
153
141
125
121
105
77
43
49
26
27
18
17
4
17
7
-39
-12
-96
-124
-152
-159
-175
-176
-162
-186
-141
-160
-158
-175
-198
-181
-173
-159
-171
-156
-215
-183
-192
-215
-236
-242
-245
-247
-224
-213
-165
-170
-134
-102
-87
-61
-16
6
48
55
47
108
159
202
270
246
260
306
269
274
303
306
311
316
319
332
299
321
304
274
274
290
293
306
300
301
299
318
342
337
352
363
355
393
435
457
497
456
509
476
443
419
362
323
275
266
249
239
240
236
201
198
201
203
233
270
235
233
238
207
190
111
89
22
-27
-34
-96
-121
-117
-133
-188
-144
-188
-204
-184
-221
-196
-206
-216
-228
-242
-265
-289
-286
-304
-304
-294
-311
-281
-307
-277
-281
-323
-277
-284
-270
-249
-266
-270
-296
-333
-335
-375
-385
-412
-436
-435
-444
-432
-454
-472
-506
-529
-512
-553
-521
-517
-510
-441
-417
-386
-364
-310
-283
-264
-218
-174
-190
-118
-101
-120
-75
-120
-93
-120
-110
-121
-113
-99
-99
-77
-53
-16
-33
-8
-14
-16
19
22
53
90
123
180
225
265
325
346
392
396
408
404
426
429
396
394
363
356
333
344
324
321
310
314
273
287
282
263
336
334
308
339
295
253
275
230
247
246
244
269
254
246
255
221
204
160
148
135
112
106
62
40
-25
-90
-131
-130
-172
-190
-226
-227
-238
-261
-255
-266
-266
-253
-247
-238
-203
-203
-181
-170
-161
-132
-125
-140
-110
-112
-117
-139
-131
-131
-148
-179
-199
-209
-209
-191
-195
-157
-172
-107
-65
-59
-51
-31
-59
-75
-61
-65
-31
-13
3
56
116
154
212
258
286
322
371
355
364
353
347
332
283
289
286
244
239
249
235
257
258
274
280
332
358
361
347
364
371
344
320
268
269
255
205
186
170
152
146
99
45
25
-6
-40
-47
-108
-150
-167
-235
-232
-262
-236
-266
-295
-245
-240
-203
-245
-231
-261
-336
-324
-367
-373
-395
-410
-407
-459
-427
-461
-469
-443
-451
-426
-417
-427
-412
-384
-406
-393
-391
-364
-335
-342
-298
-307
-297
-303
-329
-306
-320
-300
-305
-283
-274
-270
-239
-218
-218
-173
-160
-138
-104
-73
-63
-31
35
19
105
127
136
187
176
181
187
168
177
207
164
244
279
269
299
295
307
281
304
284
295
344
340
374
384
410
386
385
381
370
380
380
382
424
449
445
464
455
493
516
533
576
585
620
602
629
615
599
580
516
498
428
436
411
340
339
314
304
308
247
297
240
218
251
211
227
223
231
244
252
223
227
179
134
92
49
-58
-88
-155
-252
-301
-391
-429
-476
-476
-519
-552
-593
-652
-672
-745
-782
-795
-786
-812
-808
-782
-780
-777
-749
-748
-721
-669
-652
-603
-593
-559
-547
-546
-543
-586
-571
-589
-601
-598
-595
-553
-560
-498
-479
-450
-388
-341
-311
-280
-272
-267
-222
-196
-200
-179
-146
-128
-84
-45
29
63
105
145
220
262
310
347
364
325
327
353
310
286
266
255
257
304
318
361
355
347
373
354
386
366
415
425
437
433
449
456
444
443
432
428
401
386
387
355
339
339
266
305
288
281
303
256
276
257
275
285
251
267
263
260
257
284
270
272
293
300
307
273
275
268
255
281
273
249
251
237
239
241
208
162
172
147
130
81
48
39
22
-8
-50
-45
-65
-68
-112
-142
-168
-203
-227
-240
-275
-309
-335
-335
-368
-395
-372
-404
-432
-425
-378
-420
-393
-394
-430
-420
-449
-476
-473
-495
-479
-443
-484
-452
-453
-459
-484
-460
-441
-487
-423
-425
-426
-420
-433
-395
-416
-401
-377
-342
-295
-260
-244
-229
-221
-160
-171
-171
-137
-140
-86
-66
-23
27
101
128
194
239
303
375
416
467
552
569
593
593
573
599
568
559
553
554
538
566
571
564
538
520
503
468
480
454
466
467
487
512
529
520
535
522
507
524
529
522
494
491
471
469
438
382
324
271
198
116
64
-26
-41
-87
-114
-104
-172
-175
-263
-317
-363
-402
-464
-490
-552
-624
-661
-736
-738
-844
-882
-844
-867
-806
-794
-786
-766
-754
-738
-760
-749
-742
-748
-735
-701
-662
-653
-625
-580
-572
-492
-468
-430
-364
-362
-320
-294
-310
-265
-263
-197
-197
-143
-111
-108
-30
-42
-21
6
61
107
149
215
240
302
356
379
416
426
442
421
441
407
411
416
402
426
423
448
479
504
529
578
647
688
700
731
748
751
762
740
701
679
682
668
675
682
700
681
682
678
648
595
552
530
470
463
408
368
330
298
217
157
122
78
77
62
49
32
23
19
3
-34
-47
-52
-97
-99
-126
-134
-151
-169
-189
-208
-245
-280
-274
-296
-324
-360
-359
-371
-425
-423
-419
-451
-471
-521
-524
-537
-571
-572
-582
-566
-568
-562
-535
-548
-519
-529
-533
-565
-589
-579
-599
-592
-611
-587
-568
-534
-513
-474
-479
-461
-392
-384
-312
-249
-179
-151
-84
-73
-74
-39
-63
-111
-101
-115
-142
-98
-85
-68
-21
18
47
76
129
126
174
144
129
151
107
162
141
200
202
195
240
216
245
284
300
346
369
400
436
433
483
481
458
468
509
459
482
477
434
455
383
373
390
376
340
322
312
250
241
206
143
99
84
55
10
3
-10
-22
-22
-21
-32
-25
-48
0
14
-11
44
-5
-7
-3
-44
-27
-23
-25
-21
-16
-39
-29
-77
-70
-80
-62
-49
-16
-13
-22
19
25
16
36
94
69
107
109
93
93
84
80
74
51
23
19
-14
-15
-48
-63
-44
-59
-73
-86
-96
-129
-113
-132
-132
-102
-99
-71
-90
-50
-53
-88
-99
-130
-127
-152
-106
-101
-87
-77
-104
-71
-90
-77
-63
-74
-63
-42
-22
24
31
72
122
111
170
171
173
162
88
100
57
-33
-43
-108
-132
-141
-202
-227
-264
-279
-299
-319
-348
-378
-379
-399
-418
-414
-375
-368
-318
-227
-204
-127
-76
-5
25
48
93
58
84
66
36
59
29
62
46
69
101
96
126
147
160
153
141
131
125
108
95
95
70
82
75
51
54
49
52
62
98
92
124
122
106
119
58
47
-3
-49
-111
-147
-182
-211
-186
-205
-145
-98
-53
-13
-19
5
25
26
1
3
28
-2
22
21
47
56
57
74
67
90
92
98
115
151
157
189
189
151
155
137
98
82
39
19
9
-21
-21
-58
-71
-108
-129
-149
-189
-150
-147
-148
-158
-145
-166
-186
-177
-214
-218
-224
-189
-136
-114
-34
33
87
148
199
253
279
293
303
314
321
315
379
388
462
518
571
651
637
703
704
714
736
777
813
840
862
837
809
755
713
622
578
505
468
385
339
341
258
224
175
133
47
-12
-33
-164
-256
-374
-469
-540
-638
-707
-786
-847
-850
-847
-841
-826
-820
-835
-841
-820
-832
-824
-823
-827
-827
-817
-802
-787
-774
-750
-743
-652
-643
-572
-491
-415
-351
-256
-179
-115
-33
19
82
148
193
261
278
293
333
336
384
413
432
455
497
544
578
624
585
583
548
451
356
249
105
-10
-173
-331
-444
-581
-667
-749
-855
-888
-957
-1026
-1025
-1063
-1052
-1056
-1038
-1003
-928
-856
-759
-688
-565
-491
-442
-341
-268
-167
-139
-10
77
92
196
213
279
287
279
285
265
277
305
340
345
411
475
517
569
658
717
820
920
973
1062
1100
1170
1244
1313
1386
1414
1536
1554
1611
1613
1585
1590
1491
1414
1298
1197
1097
1021
929
853
771
678
558
455
277
80
-109
-311
-492
-731
-907
-1143
-1322
-1440
-1522
-1517
-1519
-1533
-1453
-1399
-1337
-1220
-1168
-1149
-1071
-999
-900
-729
-613
-469
-323
-127
75
247
405
522
587
640
673
680
627
541
505
411
315
231
127
25
-80
-240
-335
-417
-494
-454
-416
-405
-330
-205
-127
-58
31
112
192
274
418
487
572
625
624
668
654
654
604
485
420
311
239
137
-4
-95
-234
-329
-463
-555
-627
-762
-775
-826
-846
-857
-827
-809
-809
-767
-696
-656
-598
-488
-443
-343
-266
-172
-186
-246
-308
-455
-575
-671
-773
-931
-1054
-1212
-1375
-1386
-1438
-1471
-1508
-1504
-1444
-1381
-1259
-1173
-1040
-907
-731
-482
-197
74
301
541
866
1188
1460
1754
1984
2165
2367
2547
2683
2766
2771
2754
2700
2589
2504
2360
2147
1957
1740
1603
1478
1283
1115
920
783
683
574
533
537
516
555
533
542
546
533
539
469
470
508
485
493
508
474
478
449
447
418
329
200
122
36
-113
-356
-544
-785
-1026
-1165
-1300
-1511
-1857
-2057
-2219
-2424
-2565
-2768
-3017
-3276
-3464
-3469
-3504
-3551
-3477
-3434
-3273
-2981
-2605
-2283
-1983
-1737
-1372
-1037
-739
-373
-148
56
270
603
869
1059
1258
1410
1480
1561
1651
1591
1438
1378
1193
1078
955
826
665
447
395
318
330
358
402
463
572
763
939
1115
1279
1421
1532
1692
1802
1895
1978
1982
2011
1962
1903
1839
1733
1629
1422
1232
1070
862
692
456
241
125
-1
-119
-237
-306
-339
-368
-287
-293
-206
-123
-96
-42
-20
-23
-70
-74
-83
-78
-75
-56
-21
7
19
49
-105
-333
-532
-762
-1030
-1519
-1960
-2276
-2646
-2999
-3204
-3365
-3596
-3580
-3319
-2964
-2717
-2368
-1944
-1647
-1283
-806
-510
-402
-203
47
299
594
894
1117
1343
1647
2076
2420
2594
2744
2845
2788
2721
2591
2280
1897
1482
1046
646
304
-32
-274
-575
-659
-653
-737
-676
-655
-568
-511
-312
-98
52
226
424
656
814
1046
1327
1412
1395
1476
1508
1412
1365
1281
1099
907
785
680
522
348
70
-246
-457
-644
-886
-1161
-1405
-1662
-1801
-1847
-1839
-1829
-1748
-1577
-1263
-909
-599
-230
63
412
753
1173
1411
1537
1662
1698
1819
1899
2032
2063
2056
2063
2117
2143
2061
1787
1345
807
154
-444
-939
-1506
-2285
-2934
-3435
-3748
-3787
-3552
-3371
-3283
-2966
-2532
-2072
-1684
-1415
-1298
-1341
-1191
-852
-672
-560
-381
-252
-48
445
968
1290
1467
1542
1664
1752
1800
1572
1045
559
45
-236
-541
-884
-1336
-1617
-1793
-1822
-1683
-1646
-1612
-1589
-1287
-851
-351
-26
268
516
810
1287
1672
2012
2182
2381
2564
2592
2709
2642
2577
2290
2095
2066
1835
1773
1678
1555
1380
1285
1220
1088
912
601
345
-77
-472
-709
-992
-1254
-1493
-1642
-1501
-1263
-940
-594
-291
75
454
928
1273
1554
1670
1726
1774
1914
2019
2027
2110
1998
2018
2086
2160
2121
1974
1852
1536
1128
565
-193
-908
-1499
-2114
-3024
-3846
-4552
-5027
-5108
-4939
-4711
-4732
-4520
-4039
-3535
-3044
-2707
-2716
-2817
-2716
-2308
-2009
-1809
-1720
-1754
-1608
-1132
-453
-82
126
342
611
961
1343
1428
1114
755
570
565
606
411
90
-211
-316
-196
-30
69
2
10
181
481
925
1236
1316
1468
1616
1928
2234
2444
2602
2611
2613
2723
2890
2831
2649
2442
2189
1994
1936
1831
1618
1337
1161
1028
947
888
628
378
161
1
-166
-410
-632
-886
-1080
-1198
-1146
-1046
-938
-776
-505
-121
288
757
1032
1292
1595
1824
2089
2230
2389
2466
2510
2603
2518
2457
2352
2151
1979
1857
1707
1489
1170
570
-233
-1169
-1827
-2218
-2765
-3578
-4396
-5106
-5567
-5493
-5199
-5030
-5138
-4952
-4472
-3954
-3179
-2641
-2698
-2856
-2670
-2189
-1713
-1397
-1307
-1430
-1256
-482
355
781
951
1031
1247
1734
2332
2553
2121
1696
1644
1726
1868
1768
1203
685
523
724
868
780
550
347
404
690
1154
1398
1328
1288
1325
1622
1974
2038
2066
1943
1829
1926
1986
1834
1501
1200
903
710
745
564
375
189
48
-1
-39
-69
-204
-358
-551
-646
-805
-1008
-1101
-1355
-1576
-1658
-1566
-1395
-1153
-926
-712
-413
-104
288
711
1111
1473
1766
2125
2477
2743
3018
3128
3185
3203
3262
3260
3220
3096
2944
2748
2535
2380
2232
1899
1233
419
-398
-946
-1429
-2171
-3153
-4121
-4948
-5361
-5324
-5243
-5357
-5517
-5458
-5087
-4518
-3880
-3600
-3746
-3760
-3495
-2922
-2419
-2245
-2259
-2342
-2119
-1390
-706
-457
-315
-249
60
806
1303
1487
1294
905
899
1072
1292
1157
662
312
170
346
562
568
235
4
93
374
851
943
917
944
1127
1664
2082
2327
2225
2174
2348
2574
2774
2717
2464
2021
1905
1911
1971
1965
1696
1531
1544
1729
1946
1987
1828
1671
1546
1509
1540
1399
1049
777
591
606
681
645
433
334
356
537
708
907
1014
1050
1245
1515
1855
2053
2108
2146
2156
2265
2365
2257
2022
1682
1494
1259
1016
663
322
31
-227
-269
-428
-757
-1285
-2035
-2579
-2930
-3356
-3899
-4713
-5492
-6025
-6138
-6044
-6051
-6304
-6569
-6452
-6051
-5355
-4724
-4477
-4353
-3961
-3354
-2565
-1991
-1764
-1683
-1481
-914
-121
570
836
951
1104
1565
2262
2732
2825
2628
2592
2835
3261
3457
3256
2786
2520
2498
2638
2776
2508
1973
1646
1616
1573
1554
1291
873
449
413
703
804
650
342
256
313
513
779
683
424
332
377
520
588
408
198
-34
34
382
530
657
664
663
913
1164
1365
1475
1431
1485
1692
1852
2105
2106
2085
2072
2128
2235
2371
2395
2406
2499
2636
2856
2969
3077
3086
2981
2978
2966
2791
2623
2269
1849
1535
1072
600
168
-402
-782
-1058
-1317
-1475
-1694
-1943
-2370
-2860
-3199
-3545
-3962
-4453
-5018
-5641
-6019
-6243
-6383
-6481
-6588
-6618
-6445
-6050
-5531
-5024
-4609
-4171
-3777
-3229
-2600
-2107
-1867
-1591
-1293
-882
-334
204
553
741
1077
1545
2033
2428
2542
2545
2670
2833
3074
3152
2985
2740
2685
2664
2805
2838
2650
2443
2201
1999
1894
1784
1426
1083
755
719
770
797
861
723
722
793
955
1059
1048
972
922
845
836
915
819
706
610
607
811
1062
1361
1493
1761
1929
2194
2501
2607
2771
2789
2847
2939
3013
3059
3025
3013
3079
3116
3148
3135
3132
2902
2724
2570
2343
2075
1785
1592
1319
1099
746
462
179
-126
-339
-655
-962
-1319
-1645
-1850
-2087
-2282
-2520
-2849
-3072
-3220
-3372
-3667
-4011
-4438
-4771
-5008
-5276
-5559
-6018
-6397
-6582
-6633
-6547
-6464
-6443
-6277
-5990
-5567
-5078
-4626
-4217
-3810
-3347
-2737
-2066
-1459
-997
-602
-162
331
981
1548
1933
2266
2760
3167
3577
4068
4252
4486
4578
4770
5024
5053
4934
4751
4524
4229
4042
3770
3315
2830
2415
2087
1854
1568
1189
846
580
488
412
370
197
-69
-87
-193
-183
-150
-165
-255
-263
-139
45
191
214
329
445
638
885
1138
1386
1581
1775
2068
2352
2643
2947
3126
3251
3309
3341
3314
3291
3107
2857
2641
2262
1939
1603
1132
780
447
208
6
-117
-269
-394
-522
-655
-717
-995
-1216
-1443
-1669
-1816
-2036
-2330
-2635
-2883
-3046
-3106
-3209
-3280
-3374
-3447
-3485
-3539
-3554
-3657
-3756
-3881
-3960
-4140
-4377
-4453
-4632
-4761
-4802
-4792
-4700
-4527
-4352
-3959
-3519
-3120
-2539
-1983
-1405
-751
-85
602
1174
1709
2241
2671
3100
3379
3620
3776
3901
4106
4201
4331
4461
4424
4334
4247
4176
4026
3807
3520
3192
2921
2705
2380
2012
1616
1135
700
306
-121
-507
-889
-1145
-1338
-1488
-1483
-1547
-1504
-1395
-1285
-1116
-956
-771
-637
-559
-463
-255
-39
82
170
190
408
685
1002
1170
1336
1592
1842
2280
2655
2838
3069
3151
3200
3261
3310
3094
2694
2254
1647
1184
728
301
-248
-632
-926
-1075
-1094
-1129
-1085
-1153
-1140
-1127
-1118
-1125
-1321
-1573
-1762
-1948
-2068
-2216
-2373
-2469
-2615
-2685
-2723
-2706
-2707
-2701
-2730
-2733
-2726
-2787
-2831
-3003
-3114
-3202
-3277
-3517
-3678
-3809
-4007
-4009
-3956
-3912
-3767
-3514
-3121
-2610
-2015
-1379
-776
-70
575
1322
1951
2444
2928
3330
3623
3959
4158
4232
4345
4357
4421
4372
4313
4245
4113
3937
3842
3665
3395
3095
2828
2473
2111
1817
1293
857
380
-138
-526
-959
-1322
-1664
-1882
-2093
-2201
-2203
-2153
-1950
-1662
-1441
-1130
-722
-338
120
469
754
965
1149
1463
1798
2017
2349
2511
2699
3032
3358
3629
3942
4120
4228
4411
4457
4541
4345
4035
3687
3253
2763
2178
1502
735
56
-552
-992
-1383
-1791
-2156
-2414
-2614
-2822
-2875
-3074
-3312
-3509
-3640
-3739
-3825
-3926
-4121
-4232
-4337
-4361
-4329
-4363
-4403
-4393
-4367
-4225
-4016
-3891
-3703
-3618
-3456
-3124
-2864
-2782
-2765
-2715
-2774
-2806
-2812
-2859
-2956
-3004
-2959
-2673
-2368
-2185
-1713
-1279
-798
-125
550
1155
1725
2262
2809
3245
3555
3865
3978
4087
4119
4093
4095
4050
3907
3751
3535
3294
3097
2881
2663
2486
2200
1934
1777
1548
1252
917
548
131
-300
-554
-881
-1250
-1566
-1777
-1931
-1891
-1817
-1659
-1359
-1103
-596
-20
516
997
1490
1941
2362
2671
2973
3129
3249
3426
3481
3587
3686
3822
3961
4132
4368
4532
4663
4793
4722
4588
4348
3934
3502
2998
2349
1596
999
224
-436
-1025
-1630
-2083
-2480
-2687
-2790
-2907
-2909
-2972
-3001
-3092
-3206
-3276
-3444
-3524
-3638
-3687
-3761
-3849
-3933
-4007
-4086
-4240
-4308
-4341
-4324
-4224
-4039
-3717
-3381
-3044
-2708
-2365
-2090
-1916
-1782
-1716
-1789
-1974
-2210
-2447
-2670
-2759
-2781
-2732
-2644
-2356
-1987
-1468
-912
-353
218
769
1347
1778
2293
2583
2738
2880
2969
2989
2935
2755
2464
2266
2105
1978
1809
1675
1581
1464
1491
1551
1597
1600
1505
1483
1418
1223
1054
723
323
0
-327
-517
-599
-611
-661
-526
-164
256
793
1404
1925
2472
3018
3595
4071
4366
4495
4484
4436
4350
4363
4249
4112
3941
3780
3781
3815
3812
3673
3560
3441
3318
3162
2879
2496
1896
1330
745
128
-495
-1221
-1946
-2582
-3169
-3615
-4017
-4374
-4632
-4864
-4908
-4919
-4868
-4752
-4668
-4576
-4444
-4267
-4052
-3951
-3850
-3780
-3715
-3675
-3599
-3593
-3666
-3598
-3506
-3303
-2959
-2544
-2131
-1755
-1428
-1033
-712
-554
-525
-577
-801
-1127
-1449
-1866
-2185
-2479
-2722
-2748
-2693
-2536
-2115
-1637
-1062
-459
149
800
1427
2049
2534
2871
3124
3375
3479
3527
3419
3307
3162
2935
2820
2648
2497
2399
2343
2292
2368
2404
2362
2344
2206
2082
1920
1634
1260
809
412
71
-280
-565
-783
-931
-885
-653
-332
174
722
1352
2011
2735
3339
3945
4469
4780
5085
5280
5419
5389
5259
5067
4765
4519
4255
3943
3713
3446
3170
2935
2683
2461
2144
1723
1241
720
151
-474
-1143
-1888
-2616
-3366
-3935
-4432
-4869
-5158
-5262
-5331
-5238
-4969
-4703
-4423
-4091
-3744
-3423
-3149
-2897
-2724
-2688
-2690
-2778
-2933
-3144
-3346
-3516
-3684
-3756
-3758
-3594
-3429
-3246
-3050
-2933
-2803
-2680
-2688
-2766
-2962
-3255
-3595
-3934
-4258
-4546
-4702
-4833
-4729
-4437
-3982
-3312
-2557
-1718
-785
159
1072
1917
2708
3401
3932
4287
4510
4578
4522
4419
4102
3710
3367
3023
2662
2425
2184
2004
1796
1594
1493
1315
1215
1007
746
556
322
-11
-320
-514
-623
-713
-608
-408
-60
475
1178
2092
3007
3917
4901
5754
6540
7245
7669
7924
7956
7800
7453
6945
6372
5724
4908
4132
3498
2851
2351
1982
1618
1272
1038
759
556
206
-212
-551
-1065
-1512
-1955
-2399
-2816
-3222
-3495
-3624
-3627
-3453
-3259
-2958
-2660
-2278
-1899
-1624
-1403
-1400
-1380
-1475
-1736
-2063
-2496
-2959
-3488
-3987
-4403
-4918
-5291
-5627
-5863
-5972
-5933
-5724
-5580
-5358
-5157
-4958
-4690
-4498
-4404
-4402
-4561
-4701
-4774
-4791
-4763
-4608
-4283
-3857
-3075
-2096
-1037
116
1213
2301
3436
4365
5105
5683
5908
5909
5714
5313
4667
3860
2973
2104
1226
467
-173
-748
-1233
-1528
-1721
-1839
-1791
-1775
-1686
-1561
-1483
-1450
-1357
-1309
-1228
-1158
-1030
-720
-338
201
950
1808
2742
3737
4753
5826
6764
7507
8171
8494
8664
8490
8122
7492
6630
5695
4639
3626
2587
1707
957
296
-182
-372
-461
-380
-184
34
268
551
859
962
1077
1185
1168
1212
1261
1271
1299
1411
1429
1489
1575
1619
1651
1496
1264
938
454
-207
-914
-1678
-2592
-3524
-4459
-5329
-6164
-6924
-7478
-7919
-8273
-8447
-8387
-8232
-7913
-7447
-6847
-6223
-5642
-5151
-4701
-4277
-3990
-3759
-3724
-3840
-3964
-3934
-3840
-3537
-3101
-2436
-1572
-597
659
1955
3167
4268
5061
5549
5879
5927
5598
4966
4068
3024
1980
938
-90
-852
-1556
-2095
-2301
-2398
-2234
-1910
-1477
-1029
-658
-235
170
394
464
500
521
616
700
805
986
1273
1732
2390
3218
4091
4987
5935
6794
7591
8188
8505
8470
8050
7332
6455
5292
3988
2627
1232
-61
-1000
-1663
-2109
-2210
-2067
-1714
-1081
-220
671
1507
2232
2790
3352
3711
3875
3930
3801
3561
3391
3275
3073
2810
2598
2384
2056
1756
1338
810
-1
-819
-1593
-2545
-3594
-4540
-5500
-6351
-7004
-7473
-7779
-7993
-7982
-7819
-7515
-7000
-6476
-5901
-5333
-4772
-4149
-3549
-3000
-2483
-2112
-2118
-2223
-2264
-2376
-2748
-3400
-4038
-4515
-4941
-4993
-4747
-4398
-3781
-2742
-1474
-149
1287
2672
3735
4404
4954
5318
5274
4791
4034
3121
2180
1301
546
-102
-648
-936
-1001
-912
-629
-250
-70
-71
53
212
140
-31
-313
-533
-675
-694
-612
-247
152
716
1544
2561
3645
4691
5731
6577
7211
7720
8103
8043
7576
6803
5939
4858
3699
2597
1524
433
-410
-923
-1192
-1178
-943
-539
-70
706
1446
2138
2844
3311
3655
3899
4045
4182
4129
3988
3842
3825
3663
3443
3324
2961
2400
1824
1178
328
-699
-1788
-2779
-3845
-4799
-5516
-6189
-6585
-6830
-6880
-6583
-6298
-6023
-5669
-5158
-4845
-4559
-4219
-4080
-4029
-3943
-3863
-3775
-3636
-3423
-3101
-2804
-2664
-2616
-2681
-2749
-3095
-3651
-4317
-5016
-5673
-6105
-6139
-5875
-5308
-4259
-2848
-1191
597
2414
4068
5296
6143
6595
6578
6001
5021
3723
2175
667
-576
-1660
-2443
-2788
-2835
-2597
-2126
-1398
-719
-157
281
625
821
810
780
601
316
206
418
735
1024
1725
2695
3557
4542
5716
6743
7339
7764
7883
7673
7030
6125
4956
3373
1859
421
-973
-2160
-2867
-3184
-3185
-2752
-1785
-527
754
2162
3553
4760
5720
6508
6923
6870
6718
6418
5838
5209
4641
4073
3397
2823
2427
1989
1328
671
-40
-881
-1879
-2775
-3592
-4578
-5310
-5777
-6097
-6169
-5974
-5650
-5164
-4520
-3866
-3262
-2928
-2693
-2602
-2794
-3157
-3614
-4101
-4757
-5305
-5472
-5565
-5400
-4931
-4484
-3886
-3446
-3302
-3440
-3558
-3762
-4440
-5406
-6190
-6667
-6737
-6111
-5115
-3708
-1920
431
2839
4904
6617
7803
8171
7764
6750
5266
3375
1170
-995
-2829
-4102
-4758
-4722
-4250
-3309
-1967
-369
1011
2187
3014
3278
3083
2644
2128
1452
922
628
597
1113
2198
3355
4335
5329
6386
6983
7111
6775
5897
4589
3031
1330
-237
-1438
-2471
-3185
-3314
-2810
-1842
-708
548
1700
2731
3609
4144
4487
4467
4358
4244
4077
4260
4548
4885
5241
5469
5739
5829
5538
4802
3725
2462
974
-637
-2140
-3442
-4472
-5055
-5150
-4677
-3817
-3003
-2089
-1200
-513
-99
-79
-490
-1186
-2013
-2796
-3423
-4040
-4698
-5107
-5270
-5286
-5220
-5194
-5316
-5525
-5561
-5558
-5707
-5908
-5807
-5520
-5336
-5343
-5036
-4525
-4170
-4009
-3828
-3638
-3443
-2904
-2149
-1329
-335
982
2451
3598
4595
5504
5983
5559
4763
3884
2498
900
-705
-1938
-3013
-3595
-3385
-2996
-2369
-1255
-19
1045
1908
2676
3143
3039
2950
2891
2609
2536
2745
3213
3706
4340
4979
5663
5983
5827
5073
3984
2742
1279
88
-1039
-1856
-2089
-1662
-803
337
1694
2921
3795
4423
4626
4309
3531
2556
1617
628
151
231
683
1430
2583
3889
4952
5801
6321
6198
5379
4289
3009
1448
-179
-1436
-2241
-2606
-2557
-1944
-1053
-272
450
969
1145
796
218
-649
-1986
-3036
-3718
-4163
-4335
-4164
-3703
-3132
-2716
-2500
-2453
-2943
-3702
-4670
-5885
-7263
-8179
-8528
-8742
-8534
-7400
-5802
-4129
-2192
-278
721
667
386
-179
-1539
-3391
-5143
-6647
-7655
-7342
-5819
-4006
-1680
1260
4107
6437
8101
8879
8223
6364
4044
1553
-934
-3120
-4562
-5316
-5059
-3596
-1360
800
2701
4275
5062
5001
4245
2936
1035
-745
-1910
-2300
-1912
-730
1184
3385
5734
7801
9065
9477
8937
7144
4415
1449
-1229
-3440
-4844
-5271
-4499
-2527
164
3273
6014
7920
8956
8906
7700
5579
2818
-108
-2789
-4579
-5166
-4606
-3091
-1013
1686
4544
6831
8203
8374
7438
5580
3189
654
-1590
-3267
-4138
-4059
-2891
-991
1049
2946
4283
4865
4433
3327
1506
-911
-3275
-5237
-6446
-6756
-6304
-5065
-3569
-2182
-692
286
316
-484
-1956
-3825
-5911
-7885
-9490
-10237
-9954
-9060
-7231
-4580
-1964
424
2640
3955
3847
2471
531
-1882
-4531
-6883
-8591
-9657
-9502
-7601
-4596
-1326
1963
5253
7649
8937
9084
7901
5568
2524
-588
-3176
-5064
-5713
-5311
-4213
-2400
63
2405
3863
4535
4318
3126
1447
-267
-1943
-3155
-3490
-2685
-959
1466
4447
7206
9356
10693
11071
10155
7740
4598
1412
-1778
-4661
-6257
-6262
-5234
-3208
-108
3152
6003
8378
9768
9471
7955
5839
3121
141
-2403
-3962
-4626
-4335
-2846
-558
1781
4011
5642
6451
6427
5500
3808
1562
-476
-1945
-2722
-2695
-1846
-282
1418
2858
4123
4677
4227
2803
923
-1159
-3469
-5257
-6298
-6708
-6474
-5528
-4035
-2735
-1627
-661
-371
-983
-2130
-3518
-5121
-6667
-7867
-8426
-8471
-7955
-6918
-5531
-3968
-2593
-1446
-752
-472
-493
-986
-2343
-4196
-5512
-6394
-7101
-7438
-7228
-6649
-5298
-2834
-99
2212
4187
6022
7252
7651
7557
6609
4737
2520
583
-965
-2123
-2728
-2897
-2733
-2044
-887
359
1255
1642
1748
1704
1540
1471
1434
1564
2061
3094
4678
6240
7611
8640
9116
9027
8322
6825
4565
2201
-196
-2651
-4094
-4144
-3862
-2931
-879
1566
3923
6250
7957
8270
7678
6526
4816
2704
505
-1185
-2159
-2776
-2394
-922
651
2128
3414
4278
4725
4781
4197
3161
2162
1184
558
602
946
1524
1956
2349
2795
2726
2014
945
-466
-2226
-3738
-4602
-5170
-5577
-5141
-4160
-3394
-2665
-1763
-1302
-1745
-2510
-3354
-4749
-6394
-7568
-8380
-9085
-9238
-8503
-7731
-6834
-5485
-3968
-3014
-2326
-1584
-1344
-1444
-1866
-3351
-5418
-6655
-6988
-7328
-8134
-8205
-7074
-5056
-2224
927
3530
5409
7239
8449
8202
6848
5077
2407
-600
-2904
-4093
-4278
-3956
-3282
-2076
-400
1470
2841
3141
2815
2327
1809
1551
1516
1845
2649
4027
5946
7790
9362
10241
10227
9332
7669
5629
3370
477
-2639
-4469
-4819
-4875
-4770
-3267
-835
1248
3458
5726
7078
7392
7391
6974
5720
4257
3047
1510
-231
-1179
-1187
-1191
-1475
-1085
-86
829
1771
2521
3110
3648
4097
4220
4075
4198
4255
3867
3253
3211
3234
2402
1308
471
-460
-1687
-2691
-3544
-4500
-4951
-4432
-3877
-3469
-2474
-1173
-546
-528
-385
-673
-2031
-3831
-5142
-6557
-7946
-8676
-8777
-8484
-7626
-6129
-4459
-3166
-2219
-1267
-940
-1172
-1745
-3218
-5692
-7506
-8118
-8576
-8652
-7860
-6708
-4598
-1463
1844
4221
5602
6518
6427
5209
3438
1475
-879
-3437
-4842
-4784
-4163
-2922
-1398
-126
752
1621
2236
1972
1143
570
553
847
1825
3404
5001
6460
7987
9154
9370
8931
7747
5836
3611
1795
434
-900
-2322
-3380
-3163
-2409
-1849
-748
563
1201
2153
3585
4702
5419
5791
5514
5016
4586
4031
3358
2247
989
377
362
276
442
797
1016
1543
1999
2209
2793
3236
3134
3360
3939
4429
4765
4694
4490
4051
3142
1890
464
-1434
-3191
-4205
-4872
-5181
-4827
-3928
-2930
-1993
-1113
-244
-108
-743
-1571
-2543
-3855
-5132
-6031
-6837
-7358
-7305
-7182
-6927
-6325
-5904
-5671
-5268
-4654
-4199
-3886
-3425
-3023
-3456
-4909
-6346
-7126
-7392
-7426
-7539
-7363
-5833
-2860
556
3329
5155
6217
6758
6208
4517
2271
-200
-2483
-4265
-4991
-4380
-2758
-1333
-321
538
1471
2168
2336
1960
1661
1865
2726
4177
5631
6913
7913
8498
8497
7847
6673
5127
3151
1360
370
-39
-310
-394
-978
-1920
-2004
-1465
-1017
-138
991
2005
3716
5966
7460
8010
7928
6853
5167
3699
2057
351
-379
-686
-286
982
2286
3369
3932
3937
3663
3189
2557
2053
1750
1617
2263
3183
3654
3667
3398
2536
1376
256
-1370
-2920
-3924
-4089
-3822
-3231
-2469
-1931
-1866
-1906
-2034
-2708
-3221
-3231
-3302
-3103
-2600
-2529
-2597
-2871
-4000
-5181
-5990
-7210
-8221
-8034
-7459
-6597
-5021
-3786
-2980
-1941
-1414
-2437
-4888
-7426
-8849
-9242
-9048
-8303
-7162
-5040
-1560
1818
4210
5835
6266
5427
4430
3156
1484
139
-1209
-2658
-3074
-2518
-1781
-1416
-1524
-1582
-1135
-41
1163
2462
3692
5038
6377
7227
7686
7272
6026
4772
3616
2479
2022
2048
1806
1759
2065
2190
1925
1355
125
-1816
-3578
-3533
-2179
-1222
498
2970
4854
6794
8871
9015
7538
6334
4537
2362
1217
539
-294
-559
-481
-238
463
1007
1101
1202
1584
2414
3621
4588
5571
6279
6130
5806
5174
3593
1816
283
-1084
-1605
-1363
-1257
-1110
-598
-432
-414
-608
-1221
-2142
-2798
-2886
-2909
-2460
-1573
-934
-851
-712
-895
-2113
-3956
-5656
-6953
-7958
-8596
-8745
-8266
-7200
-5665
-4272
-3358
-2788
-2289
-1769
-1696
-2565
-4473
-6330
-7316
-7650
-7483
-7115
-6619
-5436
-3189
-314
2382
4314
5311
5540
5139
4297
3071
1476
-625
-2718
-4021
-4231
-3566
-2851
-2277
-1434
-176
1363
2943
4262
5032
5218
5371
5477
5060
4623
4089
3405
2849
2838
3163
3264
3112
2639
1907
1344
822
129
-767
-1967
-2490
-1031
944
2206
4113
5444
5569
6438
6780
5000
3702
2923
780
-458
-165
-769
-986
-349
-574
-333
865
1548
2092
3197
4068
4963
5776
5972
5893
5372
4302
3290
2267
1142
733
434
425
1047
1129
668
467
-142
-1229
-2137
-2894
-3522
-3464
-2984
-2832
-2396
-1677
-1186
-1158
-1457
-1988
-3190
-4465
-5515
-6523
-6912
-7010
-7322
-7175
-6511
-5728
-4779
-4042
-3717
-3109
-2347
-2556
-4125
-6006
-6989
-7175
-6865
-6253
-5369
-4131
-2023
820
3257
4938
5573
4852
3583
2299
873
-494
-2203
-4120
-5198
-4816
-3956
-3074
-2028
-1231
-424
1037
2888
4432
5511
5918
5869
5639
5622
5213
4181
3115
2794
2814
3118
3882
3784
3433
3076
2595
1826
1467
853
-882
-1743
-883
783
2128
3257
4190
4680
5309
5899
5223
3658
2340
953
-361
-767
-863
-1270
-1422
-1220
-825
119
989
1803
2768
3853
4827
5599
6220
6179
5422
4339
3318
2070
762
-73
-876
-1318
-691
-107
-243
-260
-409
-1142
-1574
-1930
-2677
-3114
-2910
-2850
-2771
-2039
-1577
-2004
-2088
-1883
-2755
-3784
-4103
-5154
-6302
-6292
-6335
-6208
-5211
-4701
-4677
-3995
-3537
-3327
-2246
-2280
-3987
-5508
-6078
-6323
-5759
-4897
-4602
-4093
-2595
-502
1675
3415
3907
3242
2360
1590
802
-293
-1611
-3542
-5223
-5340
-4719
-4060
-3282
-2285
-1194
642
2876
4760
6067
6505
6153
5744
5566
4706
3555
2667
2178
2126
2835
3870
4134
3938
3797
3516
3055
2833
2620
1911
902
602
1709
3085
3645
3691
3362
2961
3105
3250
2357
921
-600
-1423
-919
-16
328
529
796
1222
2700
4049
4262
4542
4767
4390
4344
4667
3883
2614
1887
1307
1263
1906
2072
1546
1576
1893
1833
1594
981
-255
-1628
-2734
-3377
-4009
-4609
-4787
-4973
-4818
-3975
-2885
-2310
-1938
-1926
-2319
-2623
-3161
-4492
-5498
-6433
-7329
-7196
-6861
-6824
-6562
-5780
-5026
-4123
-2861
-2715
-4252
-5918
-5950
-4916
-3981
-3406
-3305
-3162
-2097
-160
1801
2969
3383
2798
2023
1923
1494
274
-1542
-3637
-5085
-4903
-3960
-3214
-2293
-1193
-118
1514
3613
5045
5575
5530
5359
5047
4984
4635
3598
2658
2547
2929
3340
4046
4523
4351
4301
4317
3996
3336
2102
750
-87
87
1056
2118
2549
2761
3213
3766
4137
4117
3404
2253
1415
619
241
78
-621
-1271
-1309
-965
-185
934
1728
2272
3114
3929
4471
4849
4770
4182
3415
2776
2346
2038
1669
1456
1365
1231
1142
914
367
-408
-1199
-2038
-2810
-3074
-3279
-3452
-3387
-2924
-2491
-2036
-1459
-1312
-1526
-2131
-3013
-3988
-5053
-5885
-6417
-6719
-6854
-6594
-6285
-6143
-5586
-4782
-4122
-3947
-5238
-7176
-7569
-6244
-4765
-4162
-3743
-3286
-2520
-938
991
2257
2892
2840
2257
1766
1512
594
-1338
-3396
-5036
-5368
-4588
-3866
-3263
-2325
-1285
-206
1530
3554
4894
5462
5770
6094
6225
5869
5179
4098
3217
3148
3619
4192
4688
4912
4842
4805
4770
4267
3018
1821
1370
1560
2192
2696
2847
3014
3261
3620
3854
3767
3285
2558
1880
1273
1169
574
-418
-930
-1369
-1394
-757
-149
539
1559
2340
2929
3827
4546
4601
4301
3950
3592
3448
3129
2346
1807
1453
864
470
321
-52
-442
-676
-985
-1256
-1555
-1876
-2594
-3099
-2836
-2468
-2278
-1977
-2028
-2380
-2289
-3023
-4524
-5291
-6015
-7228
-7594
-7321
-7560
-7377
-6642
-6368
-6084
-6210
-7766
-9040
-7916
-6103
-4864
-3651
-2605
-1764
-609
551
1532
2040
1956
1346
766
657
564
-119
-1644
-3034
-3559
-3399
-3034
-2778
-2557
-2410
-2092
-1451
-48
1902
3044
3725
4682
5390
5537
5508
5080
4035
3600
3490
3410
3825
4566
4777
4878
4950
4478
3599
3193
3410
3361
3063
3266
3510
3920
4913
5642
5375
4821
4329
3400
2355
1518
820
228
-46
-58
-29
-7
-155
-192
154
456
529
1160
2422
3307
3812
3837
3598
3375
3185
3155
3135
2994
2786
2206
1514
1038
939
682
316
90
168
488
284
-421
-1109
-2002
-2777
-2570
-2088
-2064
-1948
-2141
-2733
-3379
-3982
-4903
-5924
-6371
-6422
-6172
-5599
-4978
-4781
-5312
-6960
-9154
-9945
-8957
-7714
-6953
-6276
-5109
-3507
-2043
-556
699
1258
1388
1167
795
729
255
-1170
-2479
-3131
-3537
-3622
-3611
-3601
-3424
-3053
-2751
-2045
-568
1028
2079
3006
3948
4526
4584
4461
4275
4172
4373
4084
3540
3578
3789
3814
3755
3221
2323
2227
3233
3890
3889
3778
3701
4071
5147
5949
6070
6104
6053
5305
4272
3512
2126
447
216
675
298
99
213
-152
18
463
448
789
1948
2806
2796
2851
2894
2650
2669
2937
2819
2952
3772
3709
3076
2753
2227
1656
1501
1746
1670
1573
1539
988
257
-107
-369
-983
-1588
-1874
-2219
-2673
-2690
-3102
-4132
-5084
-5545
-5606
-5173
-4846
-5138
-5327
-5170
-5707
-7578
-9184
-9449
-9050
-8816
-8798
-8193
-7008
-5736
-4677
-3336
-1780
-363
331
588
600
309
-377
-1390
-2060
-2482
-2720
-2951
-2973
-2627
-2519
-2639
-2659
-2138
-1049
-65
744
1564
2321
2846
3155
3587
4258
4607
4541
4447
4325
4203
4064
3264
1949
1378
2068
2948
3066
2591
2559
3204
4122
5181
5921
6180
6499
6802
6516
5909
5116
3921
2744
2481
2470
2064
1876
1598
1296
1123
1053
1165
1516
1959
2284
2522
2890
2868
2641
2527
2298
2163
2374
2669
2951
3138
2691
2067
2182
2478
2217
1936
1793
1729
1870
1846
1208
531
-83
-887
-1643
-1920
-2248
-3029
-3797
-4403
-4834
-4861
-4657
-4889
-5060
-4962
-5204
-6066
-7269
-8092
-8214
-7641
-7706
-8427
-8302
-7527
-6658
-5754
-4611
-3738
-3456
-3430
-3308
-2977
-2907
-3485
-4000
-3600
-2931
-2407
-1963
-1732
-1723
-1798
-2093
-2307
-1852
-1524
-1149
-671
-197
208
754
1315
1798
2596
3494
4161
4612
4849
4557
3764
2908
2418
2569
3083
2968
2447
2109
2518
3310
3834
3810
3687
4138
4560
4791
4804
4596
4151
3863
3933
3669
3183
2937
2857
3099
3479
3594
3633
3793
3716
3302
2752
2033
1579
1817
2204
2366
2265
2385
2730
2842
2541
1973
1721
1943
2328
2417
2218
1910
1712
1797
2311
2383
2026
1757
1411
964
495
-427
-1676
-2586
-3329
-4032
-4479
-4671
-4707
-4733
-5029
-5574
-6251
-6586
-6122
-5230
-4507
-4463
-4973
-5437
-5322
-4807
-4711
-4805
-4848
-4669
-4303
-4002
-3938
-4409
-4770
-4940
-5087
-4985
-4765
-4512
-4407
-4215
-3675
-2792
-1635
-570
313
769
1007
947
761
672
915
1173
1176
1201
1522
1793
1909
1829
1800
2206
2902
3765
4285
4295
4211
3934
3390
2976
2758
2424
1877
1720
1963
1893
1583
1305
866
633
829
1112
1223
1561
1989
2307
2661
3112
3616
3991
4237
4400
4446
4389
4122
3569
3155
2774
2441
2235
2067
2013
1970
1963
2082
2570
3159
3603
3786
3784
3681
3244
2353
1709
1328
1064
1005
1168
1354
1250
1202
493
-261
-856
-1235
-1618
-2164
-2930
-3860
-4343
-4867
-5553
-6403
-7180
-7303
-6718
-5806
-5397
-5247
-5429
-5896
-5944
-5824
-5894
-6167
-6436
-6460
-6228
-5836
-5513
-5252
-5140
-4629
-3887
-3245
-2685
-2497
-2566
-2624
-2276
-1810
-1341
-725
-131
320
687
967
1036
1170
1465
1703
2092
2357
2278
1895
1497
1278
1664
2258
2756
3158
3474
3875
4227
4376
4169
3905
3700
3675
3808
3961
3902
3526
3259
2906
2573
2476
2339
2150
1856
1686
1504
1788
2119
2606
3173
3451
3767
3983
3941
3745
3524
3208
2921
2838
2873
2586
2333
1964
1452
1281
1468
1905
2349
2787
3150
3147
2984
2355
1489
797
299
163
-84
-513
-1200
-2241
-3255
-3876
-4127
-4063
-4038
-4338
-4539
-4523
-4525
-4817
-5290
-5886
-6171
-5937
-5490
-4728
-4342
-4354
-4466
-4396
-3927
-3438
-2812
-2440
-2253
-2097
-1826
-1714
-2117
-2542
-2758
-2584
-2164
-1736
-1709
-1951
-2098
-2101
-1971
-1957
-1960
-2093
-2025
-1455
-954
-584
-275
3
433
1211
1913
2357
2665
2907
3012
3386
3903
4171
3983
3963
4022
3868
3776
3506
3155
2995
3072
3213
3217
2989
2506
1628
940
571
466
292
121
-139
-338
-544
-754
-1055
-1303
-1104
-602
9
816
1458
1750
2214
2523
2860
3270
3635
3838
3827
3774
3640
3252
2677
2068
1741
1605
1607
1694
1745
1749
1437
964
345
-147
-361
-466
-644
-1315
-2102
-2674
-3017
-3101
-3143
-3290
-3441
-3292
-3057
-2729
-2406
-2433
-2569
-2389
-2179
-1871
-1534
-1532
-1702
-1999
-2117
-1982
-1687
-1466
-1362
-1433
-1482
-1616
-1980
-2343
-2781
-3103
-3168
-3063
-2813
-2923
-2964
-2986
-2898
-2691
-2602
-2349
-1973
-1477
-759
-191
52
535
1032
1543
2251
2801
3155
3322
3532
3699
3666
3570
3403
3252
3312
3468
3301
2997
2523
2011
1719
1525
1404
1338
1331
1284
1093
795
394
-17
-286
-272
-168
-68
123
165
37
-144
-231
-231
-18
341
717
1077
1466
1607
1698
1792
1704
1601
1788
2074
2213
2400
2137
1477
842
530
206
-306
-916
-1544
-1960
-1960
-1638
-1514
-1481
-1462
-1370
-1282
-1070
-879
-1010
-1090
-970
-853
-640
-200
-161
-464
-771
-974
-890
-800
-727
-762
-839
-917
-1056
-913
-877
-1011
-1200
-1234
-1309
-1479
-1793
-2267
-2514
-2473
-2340
-2181
-1878
-1659
-1548
-1509
-1275
-1121
-1103
-803
-457
-66
615
1271
1594
1463
1386
1348
1325
1497
1705
1861
2041
2468
2425
2187
1915
1605
1234
993
1025
1016
1033
999
832
718
684
471
27
-242
-262
-98
284
630
673
748
885
953
1169
1593
1684
1247
847
446
-92
-704
-1135
-1738
-2218
-2161
-2088
-2367
-2696
-2816
-2885
-2950
-3027
-3158
-3250
-3107
-2565
-1895
-1324
-910
-725
-586
-308
255
716
847
1008
1267
1465
1672
1908
2026
1964
2016
2260
2492
3061
3397
3277
3056
2849
2771
2476
1889
1270
623
-233
-640
-1027
-1498
-1678
-1750
-1676
-1264
-581
-112
123
460
836
931
1143
1222
1236
1181
1352
1474
1550
1622
1454
1148
812
675
490
311
287
197
130
121
-40
-222
-425
-726
-1106
-1285
-1185
-1080
-975
-923
-768
-880
-1105
-1320
-1587
-1518
-1236
-837
-483
72
463
633
726
514
276
36
-89
-148
-18
68
41
-4
-308
-918
-1672
-2343
-2646
-2662
-2698
-2970
-3634
-4075
-4212
-4072
-4169
-4322
-4316
-3982
-3273
-2469
-1746
-1491
-1447
-1380
-1201
-709
-228
168
627
1105
1660
2211
2701
3062
3272
3520
3660
3829
3680
3183
2502
1765
1247
788
706
757
876
1018
1279
1576
1710
1766
1536
1305
1236
1218
1108
929
760
681
707
906
1277
1605
1979
2365
2759
3117
3226
3120
2876
2472
2124
1801
1517
1078
742
565
254
-2
-271
-619
-1081
-1261
-1547
-1647
-1502
-1354
-1314
-1311
-1123
-1082
-1085
-1066
-1033
-963
-749
-499
-250
1
9
-152
-425
-560
-596
-462
-284
-531
-775
-858
-739
-728
-1006
-1523
-2251
-2660
-2628
-2549
-2421
-2558
-2816
-3069
-2961
-2565
-2386
-2171
-1949
-1629
-1256
-841
-727
-866
-818
-782
-745
-613
-571
-549
-655
-736
-734
-853
-1070
-1294
-1381
-1411
-1361
-1235
-917
-709
-297
264
923
1517
1859
2116
2146
2093
2102
2082
2000
1927
2076
2270
2472
2733
2968
3373
3792
4283
4623
4927
5141
4928
4542
4031
3380
2676
2082
1571
1262
1056
772
511
384
323
355
516
637
783
736
619
423
182
60
-216
-488
-710
-683
-752
-860
-974
-1270
-1458
-1443
-1238
-1178
-1127
-1307
-1700
-2113
-2497
-2647
-2629
-2709
-2786
-2821
-2695
-2581
-2363
-2055
-1878
-1748
-1573
-1461
-1261
-1112
-1023
-908
-817
-423
64
458
809
879
754
531
349
334
74
-222
-487
-735
-990
-1347
-1747
-2043
-2194
-2241
-2139
-1983
-1916
-2146
-2540
-2831
-2993
-3102
-3325
-3348
-3115
-2794
-2460
-2083
-1818
-1675
-1423
-845
-86
852
1701
2380
2940
3299
3490
3555
3532
3423
3432
3447
3471
3482
3435
3324
3033
2789
2742
2882
3135
3350
3636
3888
4091
4024
3841
3600
3359
3077
2592
2022
1493
1052
669
434
191
25
-74
-114
-147
-230
-513
-945
-1318
-1447
-1278
-1162
-1219
-1570
-1996
-2244
-2382
-2340
-2370
-2537
-2599
-2353
-1996
-1722
-1511
-1329
-1068
-641
-57
439
843
1091
1334
1407
1488
1723
1876
2097
2236
2119
1788
1451
1114
679
295
-68
-273
-368
-451
-770
-1187
-1556
-1815
-1900
-2078
-2235
-2369
-2481
-2509
-2547
-2654
-2751
-2609
-2405
-2050
-1640
-1300
-982
-842
-855
-974
-1052
-1191
-1397
-1441
-1429
-1485
-1510
-1447
-1495
-1508
-1419
-1421
-1251
-846
-488
-274
-94
16
120
228
206
103
-166
-409
-417
-390
-170
113
452
687
855
993
1024
922
939
1189
1326
1659
2015
2170
2217
2089
1658
1142
863
715
689
614
531
289
105
77
39
152
289
581
1216
1876
2336
2759
3062
3312
3468
3650
3829
3853
3782
3483
3044
2564
2057
1679
1324
1318
1334
1434
1582
1721
1830
1716
1664
1494
1557
1505
1397
1256
996
655
355
25
-304
-545
-718
-907
-978
-1063
-1240
-1431
-1639
-1738
-1747
-1610
-1536
-1468
-1623
-1811
-1964
-2191
-2419
-2832
-3243
-3428
-3543
-3598
-3658
-3942
-4117
-4410
-4683
-4855
-4990
-4994
-4871
-4692
-4419
-3993
-3613
-3281
-3196
-3219
-3292
-3385
-3379
-3341
-3086
-2807
-2395
-2079
-1793
-1658
-1647
-1382
-1003
-567
89
644
1182
1871
2413
2768
2894
3005
3243
3674
4216
4712
5045
5155
5161
5161
5251
5271
5212
5153
5041
4926
4763
4501
4155
3648
3264
3057
3029
2982
2892
2818
2555
2432
2398
2331
2297
2406
2496
2603
2557
2454
2283
2096
1870
1623
1371
1183
952
661
655
586
509
486
506
495
587
581
282
-117
-451
-945
-1544
-1979
-2460
-2978
-3497
-4024
-4535
-4923
-5157
-5410
-5657
-5828
-6003
-6150
-6158
-6019
-5905
-5643
-5536
-5474
-5497
-5528
-5684
-5843
-5841
-5905
-5657
-5219
-4649
-4125
-3682
-3371
-3267
-3143
-2992
-2566
-2055
-1452
-759
-196
365
707
1004
1187
1297
1372
1534
1893
2196
2604
2989
3325
3539
3721
3932
4080
4332
4622
4964
5247
5316
5464
5673
5775
5824
5844
5859
5849
5851
5915
6029
6025
6096
6058
5923
5750
5523
5303
4874
4564
4241
3813
3390
2924
2365
1898
1385
862
467
140
-128
-348
-574
-898
-1254
-1663
-1996
-2071
-1982
-1924
-1960
-2087
-2194
-2327
-2656
-3100
-3600
-3970
-4164
-4199
-4278
-4410
-4547
-4720
-4725
-4622
-4527
-4473
-4407
-4395
-4487
-4523
-4625
-4875
-5048
-4991
-4838
-4644
-4330
-4063
-3797
-3592
-3410
-3124
-2785
-2195
-1529
-1044
-466
-161
38
272
442
563
689
897
1206
1631
1959
2107
2064
2061
1948
1735
1649
1519
1570
1673
1713
1824
1934
2056
2049
1949
1955
1985
2066
2183
2344
2488
2615
2806
2984
3241
3361
3274
3162
3050
3011
3109
3115
3097
3051
2961
2899
2638
2419
2231
2072
1908
1747
1528
1129
721
301
-118
-399
-601
-813
-1044
-1197
-1368
-1649
-1980
-2250
-2396
-2434
-2351
-2293
-2215
-2187
-2177
-2078
-2025
-1792
-1558
-1364
-1146
-1012
-848
-716
-703
-761
-837
-775
-752
-674
-604
-708
-675
-709
-656
-487
-251
5
174
282
306
351
311
244
67
-5
18
57
125
161
58
-29
-104
-134
-20
90
171
243
249
268
266
226
115
80
120
-50
-209
-410
-643
-699
-747
-788
-788
-937
-1081
-1209
-1334
-1492
-1586
-1645
-1710
-1612
-1482
-1515
-1593
-1764
-1814
-1794
-1727
-1490
-1275
-1015
-751
-576
-450
-347
-312
-91
-12
111
236
369
609
655
708
676
599
774
1050
1354
1631
1887
2098
2281
2544
2730
2906
3073
3159
3212
3394
3562
3511
3422
3317
3129
3063
2934
2705
2497
2244
2104
1935
1950
1955
1930
2014
2020
2047
2021
1925
1751
1600
1444
1338
1207
1024
747
362
-83
-598
-1119
-1566
-2027
-2406
-2706
-2994
-3151
-3340
-3535
-3666
-3802
-3912
-3976
-4063
-4151
-4263
-4389
-4465
-4512
-4521
-4528
-4467
-4348
-4230
-4075
-3976
-3838
-3594
-3169
-2771
-2387
-2057
-1757
-1499
-1297
-1245
-1277
-1161
-1019
-727
-476
-207
-116
-86
-51
-105
-75
44
147
261
565
899
1179
1414
1672
1912
2244
2547
2854
3218
3561
3890
4229
4439
4563
4606
4641
4713
4771
4777
4869
4894
4933
4951
4884
4833
4579
4438
4219
4019
3826
3637
3428
3061
2673
2284
1897
1487
1226
878
709
557
227
-97
-640
-1096
-1470
-1931
-2396
-2701
-2914
-3051
-3161
-3277
-3476
-3789
-4047
-4239
-4432
-4499
-4427
-4325
-4223
-4180
-4178
-4199
-4137
-4146
-4137
-4038
-3931
-3718
-3620
-3497
-3387
-3197
-2955
-2686
-2319
-1865
-1231
-694
-93
364
754
1098
1487
1798
2099
2326
2322
2380
2348
2345
2342
2306
2273
2416
2530
2669
2873
2861
2867
2763
2628
2513
2457
2418
2291
2328
2226
2082
1941
1720
1559
1368
1204
1031
879
748
600
450
225
47
-208
-486
-661
-807
-895
-958
-1027
-1175
-1224
-1313
-1358
-1515
-1680
-1843
-2102
-2163
-2351
-2537
-2697
-2865
-2991
-3063
-3106
-3183
-3125
-2978
-2826
-2604
-2327
-2202
-2044
-1896
-1718
-1482
-1193
-808
-524
-241
-45
205
385
450
546
577
691
898
1157
1419
1607
1840
2002
2266
2486
2715
2958
3237
3528
3758
4024
4206
4373
4416
4498
4436
4342
4231
4036
3901
3742
3557
3373
3137
2973
2832
2632
2479
2316
2108
1809
1544
1260
968
570
93
-312
-790
-1296
-1845
-2338
-2845
-3348
-3723
-4124
-4384
-4575
-4682
-4745
-4906
-5029
-5114
-5139
-5131
-5033
-4976
-4935
-4711
-4524
-4303
-4135
-4041
-4029
-4011
-3884
-3851
-3633
-3479
-3355
-3103
-2884
-2574
-2293
-2123
-1918
-1669
-1335
-913
-527
-15
418
878
1279
1571
1866
2180
2443
2679
2849
3055
3080
3077
3120
3148
3234
3310
3534
3737
4034
4315
4459
4566
4651
4717
4778
4904
5023
5154
5195
5126
5007
4775
4583
4369
4159
4044
3895
3708
3502
3308
3030
2769
2475
2175
1891
1584
1296
982
559
182
-186
-603
-1002
-1303
-1651
-2116
-2567
-3149
-3634
-4019
-4355
-4553
-4670
-4690
-4634
-4570
-4586
-4595
-4663
-4604
-4526
-4473
-4304
-4134
-3966
-3849
-3768
-3760
-3659
-3518
-3434
-3260
-2988
-2653
-2397
-2178
-1892
-1660
-1455
-1120
-819
-534
-204
79
156
371
715
818
981
1116
1226
1258
1156
1043
961
874
845
902
918
1013
1179
1274
1404
1410
1417
1383
1288
1215
1208
1217
1148
1209
1226
1241
1256
1280
1266
1292
1271
1219
1220
1133
1027
944
844
689
540
391
279
211
185
173
154
165
205
275
299
229
193
224
276
456
553
662
740
734
715
771
791
763
888
914
1036
1014
984
972
927
945
1011
1152
1399
1688
1793
1919
1840
1757
1653
1574
1509
1523
1552
1544
1568
1631
1546
1491
1394
1240
1221
1045
879
643
443
247
-38
-284
-535
-762
-952
-1195
-1531
-1842
-2158
-2475
-2731
-3011
-3233
-3519
-3757
-3937
-4142
-4283
-4385
-4426
-4386
-4307
-4209
-4018
-3999
-3951
-3882
-3829
-3737
-3695
-3623
-3597
-3473
-3342
-3192
-3062
-2864
-2566
-2245
-1880
-1565
-1290
-1097
-766
-549
-284
-27
219
539
786
1135
1401
1653
1845
2051
2264
2532
2743
2922
3086
3130
3237
3264
3317
3452
3511
3650
3806
3841
3953
3987
3968
4017
3987
3992
4102
4213
4292
4287
4209
4144
4097
3991
3850
3749
3639
3493
3261
3031
2734
2375
2075
1722
1427
1242
1041
882
683
479
152
-165
-470
-878
-1231
-1601
-1959
-2314
-2620
-2868
-3063
-3255
-3541
-3758
-3890
-4003
-4102
-4241
-4338
-4397
-4366
-4353
-4360
-4259
-4158
-4084
-3949
-3823
-3657
-3546
-3421
-3304
-3223
-3166
-3126
-3019
-2856
-2587
-2316
-2020
-1707
-1421
-1059
-779
-515
-190
119
392
666
827
967
1129
1242
1392
1594
1812
2059
2282
2463
2649
2722
2805
2833
2901
2981
3100
3141
3190
3181
3173
3063
2855
2738
2563
2498
2436
2241
2030
1723
1459
1176
961
759
537
412
295
257
119
-4
-170
-323
-470
-491
-521
-559
-606
-649
-719
-807
-885
-972
-1013
-1074
-1072
-1186
-1239
-1260
-1311
-1363
-1420
-1542
-1592
-1580
-1599
-1542
-1444
-1394
-1285
-1135
-1039
-916
-858
-778
-654
-504
-358
-213
-90
152
354
575
737
810
1010
1244
1456
1630
1791
1913
1940
2043
2082
2075
2039
1968
1961
1864
1921
1823
1695
1436
1272
1030
741
629
369
226
64
-118
-205
-210
-268
-350
-448
-525
-579
-639
-703
-804
-964
-1109
-1285
-1430
-1650
-1760
-1863
-2049
-2101
-2268
-2335
-2426
-2459
-2470
-2498
-2540
-2613
-2576
-2557
-2483
-2478
-2395
-2342
-2291
-2212
-2149
-2083
-1997
-1832
-1777
-1645
-1512
-1383
-1217
-1134
-987
-728
-462
-118
217
542
802
1108
1388
1634
1835
1976
2213
2401
2521
2699
2848
2919
3096
3230
3297
3454
3629
3740
3820
3830
3772
3713
3657
3531
3488
3464
3338
3240
3133
2976
2806
2701
2573
2419
2244
2116
2003
1826
1669
1469
1239
1062
887
681
541
323
138
-123
-400
-643
-900
-1174
-1489
-1705
-1983
-2193
-2402
-2595
-2795
-2983
-3208
-3428
-3562
-3795
-3926
-4103
-4257
-4350
-4427
-4487
-4529
-4483
-4505
-4433
-4298
-4225
-4047
-3874
-3745
-3566
-3450
-3302
-3094
-2879
-2620
-2375
-2188
-1906
-1654
-1415
-1109
-864
-539
-236
122
470
841
1150
1367
1629
1866
2165
2457
2759
2980
3139
3350
3445
3497
3543
3544
3524
3517
3577
3535
3618
3619
3583
3587
3461
3423
3363
3252
3170
3038
2822
2650
2500
2235
2021
1791
1476
1333
1125
955
792
511
288
74
-118
-300
-464
-643
-717
-843
-866
-916
-1007
-1104
-1214
-1257
-1261
-1233
-1249
-1208
-1167
-1185
-1156
-1108
-1031
-933
-839
-688
-617
-483
-352
-326
-334
-344
-417
-436
-468
-537
-616
-729
-838
-924
-978
-1105
-1167
-1249
-1311
-1330
-1446
-1483
-1526
-1625
-1567
-1550
-1456
-1373
-1279
-1102
-988
-899
-761
-707
-659
-545
-480
-367
-280
-188
-155
-137
-150
-176
-228
-200
-161
-87
9
85
114
191
274
277
290
250
241
225
228
286
221
279
244
186
131
54
35
-90
-116
-147
-144
-158
-198
-193
-145
-112
-111
-9
54
137
195
188
173
116
133
149
217
234
316
452
534
702
772
909
1042
1144
1366
1543
1775
1948
2084
2173
2234
2334
2343
2360
2382
2364
2412
2385
2339
2310
2203
2115
1975
1852
1751
1678
1610
1526
1412
1325
1225
1108
900
701
477
118
-218
-536
-859
-1075
-1291
-1494
-1685
-1874
-2008
-2175
-2307
-2455
-2600
-2719
-2814
-2849
-2915
-2982
-2986
-3093
-3103
-3139
-3220
-3276
-3315
-3315
-3359
-3269
-3204
-3134
-2972
-2831
-2612
-2466
-2269
-2164
-2058
-1885
-1730
-1520
-1284
-1031
-823
-662
-474
-267
-107
71
276
465
711
982
1307
1616
1826
1978
2100
2221
2329
2473
2518
2697
2817
2905
3025
3081
3177
3203
3281
3307
3249
3207
3132
3063
2978
2915
2792
2674
2577
2463
2356
2243
2189
2115
1967
1827
1712
1572
1419
1276
1091
947
809
580
467
257
86
-19
-159
-311
-476
-593
-774
-878
-1049
-1253
-1457
-1594
-1696
-1734
-1786
-1799
-1820
-1896
-1935
-2012
-2061
-2186
-2273
-2404
-2579
-2611
-2715
-2813
-2824
-2890
-2880
-2850
-2738
-2646
-2530
-2393
-2297
-2173
-2025
-1841
-1723
-1556
-1345
-1200
-1096
-986
-861
-799
-706
-505
-352
-124
81
244
448
570
730
827
895
1026
1119
1255
1332
1454
1542
1592
1667
1599
1615
1583
1570
1572
1614
1668
1731
1814
1884
1985
1975
2027
2062
2040
2040
1989
1924
1848
1768
1627
1522
1323
1065
877
613
453
308
110
-70
-282
-529
-709
-892
-1048
-1139
-1248
-1361
-1434
-1477
-1502
-1511
-1579
-1605
-1531
-1476
-1330
-1160
-1115
-1031
-1014
-891
-798
-699
-571
-420
-326
-180
-47
5
66
82
167
174
249
308
338
343
397
495
557
644
630
645
662
683
753
689
674
664
642
590
571
580
522
573
607
635
689
663
630
540
484
474
434
393
329
310
208
95
-54
-182
-276
-357
-438
-460
-443
-451
-351
-349
-348
-337
-356
-343
-329
-310
-292
-289
-254
-305
-359
-393
-479
-505
-522
-564
-536
-487
-452
-437
-374
-450
-452
-437
-476
-504
-533
-611
-694
-782
-913
-1000
-1147
-1215
-1319
-1322
-1381
-1371
-1332
-1344
-1248
-1256
-1165
-1106
-999
-834
-638
-462
-375
-265
-204
-85
-14
56
192
293
370
477
598
659
786
824
888
1033
1155
1325
1450
1603
1642
1686
1683
1670
1701
1714
1700
1691
1686
1677
1669
1565
1569
1505
1420
1425
1410
1387
1387
1351
1307
1195
1119
1072
954
886
727
685
611
533
466
302
216
42
-64
-185
-318
-489
-569
-626
-705
-718
-829
-853
-885
-945
-987
-968
-1002
-1031
-981
-1056
-1023
-1083
-1204
-1223
-1310
-1367
-1350
-1336
-1379
-1342
-1374
-1361
-1403
-1394
-1407
-1360
-1262
-1163
-1064
-950
-910
-885
-767
-766
-694
-685
-599
-566
-512
-500
-532
-499
-555
-492
-423
-320
-297
-184
-113
-99
-3
4
109
185
314
437
551
633
697
728
695
684
629
634
671
686
698
741
821
872
962
1048
1086
1154
1209
1324
1345
1360
1382
1325
1296
1197
1122
985
844
763
614
545
498
445
450
408
396
447
447
494
536
582
538
527
493
415
381
321
229
184
114
52
-21
-86
-166
-293
-337
-401
-499
-545
-585
-586
-570
-622
-610
-702
-752
-753
-797
-811
-759
-826
-809
-750
-732
-638
-633
-549
-572
-525
-437
-457
-464
-459
-422
-409
-357
-344
-306
-240
-226
-225
-179
-236
-275
-236
-264
-306
-360
-416
-449
-471
-534
-596
-603
-620
-677
-689
-705
-714
-705
-681
-641
-648
-535
-410
-314
-243
-159
-41
32
102
198
239
301
316
308
302
299
368
358
422
474
563
613
725
759
795
857
849
975
963
1006
1029
1013
980
950
935
880
954
928
928
844
784
763
653
676
616
582
591
607
613
629
595
547
499
427
340
255
122
14
-97
-235
-324
-436
-511
-610
-633
-676
-689
-655
-633
-566
-546
-504
-517
-558
-546
-581
-580
-546
-530
-525
-446
-396
-414
-308
-265
-283
-237
-224
-198
-230
-228
-260
-325
-360
-439
-466
-459
-454
-441
-454
-426
-387
-294
-256
-197
-146
-83
52
23
69
137
111
183
247
226
181
188
279
261
230
212
169
177
188
207
240
267
320
295
311
344
335
346
298
286
281
301
282
233
251
170
139
107
120
124
70
84
110
100
74
82
47
-21
16
14
-34
-76
-149
-215
-339
-412
-519
-658
-793
-823
-887
-921
-912
-903
-906
-933
-808
-800
-766
-686
-638
-595
-584
-547
-515
-518
-421
-364
-317
-196
-115
-47
-29
81
93
117
233
282
308
416
476
488
562
571
667
738
876
974
1075
1117
1167
1155
1107
1153
1116
1155
1122
1136
1127
1100
1010
959
869
811
774
743
729
666
613
491
395
360
262
137
125
37
18
-48
-209
-350
-446
-581
-675
-749
-791
-758
-779
-776
-697
-704
-648
-617
-621
-531
-459
-407
-333
-279
-295
-256
-255
-266
-272
-315
-318
-317
-331
-366
-314
-296
-295
-245
-298
-258
-250
-262
-273
-306
-279
-283
-269
-267
-241
-241
-258
-228
-218
-159
-159
-72
-40
-10
56
73
99
139
126
199
240
306
345
399
435
440
460
437
507
527
479
446
421
325
334
294
252
260
236
222
169
136
41
-40
-131
-262
-291
-322
-324
-384
-355
-363
-401
-372
-380
-411
-441
-442
-505
-477
-464
-541
-473
-545
-575
-553
-603
-582
-590
-597
-559
-494
-464
-441
-352
-339
-215
-157
-114
-6
43
115
178
273
266
312
351
325
351
400
410
421
495
537
618
743
835
892
1010
1033
1065
1096
1017
1012
883
815
773
708
677
651
640
612
657
624
603
628
631
618
628
515
476
431
341
252
169
106
19
-43
-154
-263
-420
-516
-592
-754
-816
-878
-907
-936
-965
-984
-1070
-1049
-1004
-1100
-1005
-1043
-1021
-1005
-1074
-1011
-1089
-1040
-1079
-1075
-1012
-973
-883
-777
-682
-624
-541
-526
-451
-329
-260
-165
-88
-7
71
148
271
298
429
511
591
697
736
763
721
786
772
725
731
702
734
755
797
821
844
867
906
846
824
824
737
705
613
519
456
391
363
310
235
171
148
141
170
139
131
71
53
39
0
-19
-28
-12
-14
-43
-37
5
-26
-43
-47
-122
-146
-171
-238
-277
-360
-381
-421
-428
-349
-334
-341
-287
-298
-325
-402
-444
-470
-530
-495
-520
-527
-490
-539
-561
-589
-604
-593
-532
-485
-448
-334
-259
-150
-64
-14
70
102
119
164
185
179
198
135
106
127
55
37
-3
11
-27
13
41
-29
63
108
154
227
307
310
366
383
374
339
327
353
266
273
231
199
146
122
43
-12
-104
-153
-208
-291
-278
-359
-363
-417
-475
-471
-492
-516
-522
-569
-587
-578
-554
-515
-481
-447
-403
-361
-304
-267
-137
-8
82
210
328
442
492
567
620
662
705
725
800
810
814
831
758
747
704
715
690
720
724
715
723
666
637
624
600
676
686
691
743
777
858
821
854
835
816
813
833
850
851
876
810
801
787
756
696
611
572
485
423
338
267
169
19
-91
-254
-356
-459
-595
-719
-838
-951
-1059
-1196
-1298
-1398
-1476
-1501
-1574
-1613
-1609
-1662
-1692
-1678
-1705
-1706
-1666
-1678
-1680
-1657
-1647
-1644
-1707
-1728
-1738
-1692
-1692
-1673
-1604
-1522
-1512
-1413
-1365
-1314
-1181
-1158
-1093
-965
-877
-774
-643
-578
-404
-273
-140
20
153
342
454
598
716
811
944
1044
1176
1252
1375
1470
1542
1644
1681
1746
1841
1897
1977
1975
2007
2050
2047
2020
1981
1975
1887
1858
1811
1764
1765
1736
1711
1678
1642
1609
1518
1479
1435
1360
1270
1198
1059
939
843
735
619
464
361
232
116
-19
-143
-228
-344
-477
-611
-701
-770
-887
-954
-1045
-1162
-1201
-1285
-1299
-1323
-1339
-1312
-1323
-1349
-1329
-1307
-1312
-1284
-1299
-1309
-1352
-1406
-1418
-1454
-1506
-1492
-1492
-1423
-1380
-1320
-1288
-1253
-1232
-1214
-1140
-1106
-1036
-949
-814
-739
-648
-533
-471
-401
-338
-236
-148
-53
17
116
155
193
295
347
409
455
523
582
616
641
645
664
674
683
667
699
718
736
770
784
810
821
848
829
862
868
839
830
861
842
853
859
787
810
765
752
767
749
726
700
647
637
612
582
543
495
422
350
327
317
305
208
225
178
183
152
93
95
47
94
86
79
77
95
17
-6
-55
-99
-91
-146
-130
-182
-167
-171
-208
-252
-305
-341
-374
-380
-426
-459
-543
-625
-662
-731
-746
-741
-730
-637
-668
-595
-599
-643
-615
-637
-567
-543
-455
-393
-365
-295
-274
-245
-192
-202
-172
-98
-69
-33
-15
0
-1
5
23
95
97
172
235
210
256
222
187
168
128
156
143
183
192
255
274
259
276
258
261
262
284
290
317
315
285
277
225
207
165
177
167
116
110
52
8
-77
-155
-254
-315
-340
-397
-490
-506
-579
-608
-560
-540
-472
-436
-391
-337
-344
-272
-237
-249
-173
-152
-112
-84
-11
7
-2
11
16
20
67
79
103
141
168
178
163
185
138
137
105
50
50
11
-33
-45
-62
-116
-109
-99
-109
-75
-73
-46
6
54
75
82
141
113
174
229
237
319
363
367
396
407
355
335
344
340
323
318
308
327
304
368
344
345
378
365
386
381
435
437
475
491
555
535
501
489
464
443
367
296
205
105
33
-20
-73
-159
-239
-287
-334
-341
-353
-379
-396
-382
-379
-419
-436
-482
-524
-551
-638
-655
-736
-756
-742
-815
-779
-771
-729
-683
-669
-641
-601
-558
-551
-552
-538
-556
-510
-501
-477
-420
-417
-360
-303
-297
-224
-216
-212
-140
-114
-29
42
90
163
235
271
342
420
492
542
631
719
729
781
797
780
832
818
785
808
775
739
762
758
715
743
733
745
732
743
721
656
572
489
411
370
335
275
247
212
147
96
46
4
-17
-61
-117
-146
-117
-146
-111
-95
-139
-150
-118
-115
-153
-207
-333
-380
-450
-483
-507
-540
-487
-561
-501
-522
-512
-498
-501
-448
-495
-428
-417
-397
-409
-436
-424
-407
-401
-376
-351
-362
-351
-318
-305
-271
-240
-266
-256
-233
-228
-218
-236
-213
-204
-213
-217
-269
-278
-305
-294
-268
-231
-149
-95
-65
55
108
141
232
293
377
451
561
589
591
600
639
651
660
697
747
780
838
852
846
831
799
761
715
682
615
579
519
440
388
308
250
160
90
113
29
19
14
-58
-50
-124
-182
-238
-347
-427
-489
-574
-611
-607
-673
-669
-660
-647
-560
-536
-512
-497
-475
-442
-434
-446
-470
-459
-463
-405
-375
-314
-296
-247
-194
-129
-32
5
92
125
162
206
245
275
278
253
256
257
222
214
194
158
135
96
57
37
-1
-2
-8
-65
-20
28
-2
6
-30
-69
-84
-141
-177
-199
-194
-207
-224
-174
-163
-149
-94
-98
-96
-48
1
-8
51
51
34
16
28
16
52
92
70
131
140
165
177
170
125
138
112
116
95
62
87
68
23
31
-24
-119
-89
-136
-175
-188
-191
-183
-193
-168
-142
-181
-146
-147
-110
-65
-59
-15
-23
-5
24
16
13
67
125
164
157
201
197
214
228
201
222
250
293
290
348
369
403
463
469
468
458
497
511
519
539
585
574
551
510
496
448
448
352
284
243
188
137
107
71
112
120
137
158
173
145
95
34
-93
-188
-282
-337
-420
-464
-550
-559
-577
-557
-560
-549
-516
-547
-561
-516
-575
-615
-624
-671
-705
-732
-729
-732
-750
-739
-735
-715
-694
-686
-631
-585
-535
-485
-351
-242
-174
-95
-41
24
146
172
244
290
315
376
386
452
499
601
615
648
690
756
783
763
776
705
692
646
605
560
553
577
586
565
535
542
480
445
378
301
225
146
53
24
-16
-88
-97
-92
-136
-120
-116
-112
-124
-118
-129
-156
-162
-178
-204
-282
-277
-298
-363
-366
-391
-394
-386
-396
-359
-323
-241
-182
-172
-109
-55
-18
26
7
-8
-44
-76
-54
-105
-125
-135
-105
-106
-70
-54
-107
-96
-123
-119
-131
-120
-155
-145
-127
-196
-198
-239
-254
-242
-223
-168
-153
-136
-68
-97
-96
-41
-23
14
109
185
230
242
291
253
251
212
201
212
192
204
231
246
215
211
175
160
102
64
27
-32
-92
-174
-254
-288
-332
-361
-384
-372
-387
-380
-386
-410
-428
-467
-488
-507
-522
-538
-558
-515
-483
-475
-403
-422
-350
-305
-232
-187
-160
-135
-129
-87
-50
-6
45
107
114
207
247
237
298
311
284
356
428
497
632
712
827
894
928
1014
1044
1091
1146
1169
1155
1183
1240
1234
1242
1225
1212
1142
1115
1038
983
940
870
759
693
625
533
478
334
260
174
55
-81
-200
-303
-437
-591
-649
-748
-809
-823
-911
-947
-1005
-1078
-1108
-1219
-1263
-1267
-1294
-1345
-1372
-1424
-1449
-1428
-1472
-1476
-1477
-1441
-1451
-1446
-1379
-1407
-1332
-1271
-1248
-1192
-1096
-1004
-900
-791
-704
-568
-453
-346
-220
-88
24
167
261
369
491
606
769
881
1032
1150
1241
1377
1426
1464
1473
1511
1537
1595
1642
1687
1800
1813
1900
1944
1922
1922
1880
1821
1761
1717
1669
1622
1590
1553
1507
1437
1371
1295
1156
1040
864
761
617
446
376
235
127
32
-68
-182
-281
-426
-531
-684
-806
-915
-974
-1081
-1198
-1231
-1376
-1407
-1522
-1629
-1739
-1859
-1869
-1986
-2020
-2109
-2150
-2217
-2208
-2245
-2266
-2284
-2291
-2254
-2286
-2247
-2234
-2217
-2161
-2122
-2028
-1943
-1872
-1754
-1603
-1497
-1393
-1238
-1143
-992
-871
-722
-524
-358
-176
39
184
377
540
694
829
946
1124
1201
1352
1502
1583
1720
1834
1936
2038
2098
2225
2280
2329
2400
2453
2500
2540
2515
2493
2489
2429
2378
2349
2306
2273
2209
2146
2026
1910
1788
1629
1461
1356
1256
1115
1039
938
852
764
618
489
418
272
187
20
-99
-193
-354
-421
-530
-593
-662
-740
-766
-833
-916
-1000
-1063
-1178
-1257
-1296
-1337
-1342
-1356
-1378
-1365
-1362
-1385
-1420
-1471
-1493
-1549
-1579
-1590
-1562
-1536
-1550
-1486
-1441
-1402
-1357
-1339
-1345
-1342
-1314
-1344
-1321
-1286
-1286
-1155
-1105
-1065
-938
-870
-799
-711
-638
-542
-437
-332
-236
-143
-50
21
86
105
145
170
191
219
287
363
392
446
529
557
619
655
695
722
720
732
740
762
729
767
816
834
904
890
881
891
881
901
891
858
904
882
875
917
847
830
763
743
709
669
633
604
577
529
501
454
404
409
371
322
327
313
313
289
246
176
133
103
80
31
14
-63
-107
-133
-177
-225
-248
-220
-270
-239
-252
-251
-243
-225
-221
-204
-216
-187
-82
-76
-13
-1
24
68
73
52
76
103
104
124
166
168
214
232
213
221
172
133
123
74
21
-6
-30
-68
-104
-58
-111
-133
-146
-182
-236
-264
-340
-363
-433
-455
-426
-467
-403
-408
-391
-406
-408
-460
-506
-515
-582
-584
-581
-618
-576
-551
-528
-548
-555
-545
-575
-524
-504
-488
-431
-393
-339
-279
-217
-163
-53
52
120
205
247
279
298
324
328
350
379
398
440
414
384
372
309
267
221
180
158
156
146
124
94
89
77
36
58
31
-6
2
5
-6
-17
5
-13
-15
33
34
90
127
135
196
203
213
227
267
283
303
356
340
346
353
303
271
236
211
179
130
114
106
92
94
42
64
66
124
142
132
176
98
88
37
8
-73
-138
-184
-249
-216
-279
-263
-288
-301
-301
-302
-269
-289
-301
-293
-297
-348
-364
-385
-376
-335
-367
-379
-345
-418
-439
-469
-514
-497
-519
-503
-460
-420
-360
-290
-278
-271
-268
-242
-164
-178
-94
-34
-35
51
56
98
165
169
201
186
223
196
249
236
264
306
353
416
432
529
567
577
576
593
544
522
473
430
369
381
335
298
314
259
277
251
256
267
280
312
345
359
361
384
340
328
321
339
311
283
292
251
240
246
216
235
211
181
197
173
149
161
98
42
62
-1
14
-25
-83
-144
-203
-222
-281
-275
-282
-289
-234
-217
-185
-171
-181
-202
-226
-228
-211
-267
-280
-226
-268
-225
-279
-308
-351
-403
-429
-473
-474
-478
-442
-449
-369
-379
-377
-353
-352
-339
-385
-344
-372
-380
-336
-354
-318
-259
-227
-166
-120
-118
-70
-76
-65
-17
-45
16
52
97
194
219
296
358
376
401
429
384
414
422
372
366
301
276
226
201
151
160
109
107
102
94
105
50
89
107
103
150
164
195
181
195
173
127
158
130
147
149
192
217
263
243
277
293
304
315
327
336
257
264
167
92
28
-77
-157
-198
-282
-335
-391
-443
-480
-523
-555
-583
-600
-629
-603
-628
-667
-688
-695
-691
-746
-758
-755
-785
-800
-834
-833
-825
-798
-738
-646
-588
-514
-394
-333
-248
-223
-153
-156
-128
-74
-43
50
89
165
256
358
462
533
638
671
718
779
854
924
1019
1086
1120
1204
1259
1254
1266
1286
1244
1207
1145
1090
1010
942
864
817
734
701
676
630
615
554
480
419
326
284
189
98
76
26
2
-90
-60
-139
-242
-276
-365
-410
-431
-508
-529
-537
-605
-590
-634
-650
-644
-684
-720
-748
-784
-848
-902
-966
-1026
-1053
-1112
-1148
-1161
-1148
-1132
-1128
-1087
-1059
-1002
-971
-903
-871
-825
-768
-741
-693
-605
-589
-530
-500
-485
-430
-382
-279
-237
-129
-14
88
197
307
391
480
549
611
652
666
704
714
705
727
746
762
837
873
902
922
901
887
870
862
837
810
811
803
787
763
780
790
764
740
704
693
649
665
662
652
673
697
724
699
733
711
661
660
601
589
597
548
508
462
418
378
367
321
272
255
235
204
125
75
-21
-160
-207
-267
-351
-413
-457
-503
-529
-570
-642
-675
-729
-733
-763
-754
-785
-775
-744
-804
-836
-872
-897
-933
-952
-962
-1006
-960
-931
-909
-859
-835
-791
-759
-769
-737
-706
-779
-705
-753
-769
-756
-788
-778
-766
-743
-765
-710
-703
-654
-616
-577
-553
-527
-495
-471
-439
-429
-370
-321
-308
-270
-267
-260
-228
-218
-176
-137
-39
-36
50
163
201
310
353
390
458
513
596
643
666
724
763
811
851
906
994
1051
1134
1174
1229
1274
1320
1355
1400
1403
1481
1549
1607
1659
1711
1745
1739
1775
1719
1632
1602
1511
1437
1342
1212
1137
993
892
783
700
644
556
505
464
375
304
197
128
27
-98
-176
-248
-362
-441
-511
-639
-671
-761
-814
-858
-961
-973
-1082
-1148
-1226
-1319
-1382
-1458
-1492
-1548
-1600
-1666
-1708
-1777
-1757
-1798
-1868
-1867
-1873
-1897
-1859
-1816
-1847
-1805
-1757
-1739
-1650
-1588
-1559
-1464
-1389
-1264
-1208
-1106
-990
-985
-907
-851
-766
-654
-571
-468
-325
-205
-56
105
209
351
481
586
710
809
933
1014
1112
1176
1235
1304
1313
1392
1452
1512
1551
1635
1702
1721
1788
1811
1807
1863
1808
1803
1738
1676
1607
1516
1464
1387
1315
1267
1222
1167
1108
1045
946
841
744
678
597
499
436
383
336
270
170
110
61
-57
-130
-192
-271
-330
-362
-427
-483
-480
-515
-569
-560
-591
-589
-587
-637
-639
-674
-719
-720
-708
-705
-686
-684
-623
-592
-592
-545
-517
-469
-430
-372
-299
-246
-218
-148
-110
-82
-38
-52
-24
3
60
62
112
109
86
58
63
63
49
97
93
109
137
84
68
40
-36
-82
-176
-239
-290
-368
-432
-492
-549
-598
-608
-659
-675
-680
-709
-700
-723
-710
-742
-783
-815
-837
-866
-881
-929
-918
-937
-948
-928
-940
-896
-887
-803
-767
-700
-633
-569
-522
-492
-384
-335
-255
-176
-74
15
94
238
306
437
537
628
715
784
859
899
943
976
974
983
1010
1056
1105
1132
1183
1196
1211
1235
1233
1213
1206
1213
1224
1226
1235
1251
1283
1287
1285
1283
1250
1233
1215
1213
1136
1071
1033
967
900
814
754
666
579
489
408
331
225
137
25
-72
-139
-240
-340
-405
-484
-582
-674
-737
-848
-907
-993
-1093
-1133
-1207
-1202
-1227
-1262
-1265
-1272
-1285
-1309
-1291
-1317
-1330
-1365
-1377
-1390
-1404
-1393
-1437
-1439
-1430
-1380
-1412
-1362
-1339
-1339
-1247
-1219
-1164
-1123
-1033
-1009
-902
-813
-757
-654
-559
-488
-407
-276
-224
-74
-8
73
213
273
366
447
539
609
673
755
812
868
895
965
970
1020
1077
1085
1147
1165
1220
1244
1227
1297
1281
1305
1331
1302
1331
1369
1370
1369
1363
1371
1308
1262
1174
1105
1036
969
902
819
734
665
607
492
447
365
306
209
200
113
7
-16
-122
-186
-301
-351
-389
-447
-502
-531
-599
-637
-653
-710
-695
-751
-791
-811
-817
-774
-801
-807
-788
-782
-741
-724
-717
-708
-705
-672
-650
-639
-566
-546
-509
-457
-421
-380
-352
-298
-290
-209
-185
-97
-47
-65
-17
24
39
74
90
58
66
32
52
39
14
-11
21
36
34
42
79
87
88
111
113
105
124
93
92
74
69
92
88
116
134
200
196
218
229
244
245
254
290
307
344
358
352
339
366
329
313
300
277
233
201
167
114
89
38
63
39
23
18
17
25
11
16
61
82
99
117
139
170
178
233
265
271
290
307
334
336
340
324
281
275
261
233
228
197
223
160
115
94
57
37
-13
-35
-69
-108
-170
-193
-268
-315
-337
-426
-486
-497
-539
-571
-599
-637
-695
-739
-773
-806
-792
-828
-831
-846
-856
-812
-819
-803
-767
-764
-741
-719
-721
-688
-738
-703
-676
-688
-612
-597
-556
-448
-417
-342
-256
-223
-135
-106
-39
63
72
139
231
274
313
367
388
399
434
434
478
488
526
532
525
556
493
447
421
370
368
393
429
483
499
571
581
608
638
625
618
635
653
625
649
604
593
588
571
512
490
443
399
363
277
241
186
145
112
51
-18
-26
-43
-76
-115
-118
-134
-124
-116
-133
-154
-140
-116
-117
-97
-70
-49
-21
13
27
79
92
96
124
126
167
199
168
183
172
128
129
83
100
146
136
222
219
219
234
207
210
205
222
227
223
245
244
244
260
272
244
262
267
285
296
232
221
137
70
49
-46
-66
-110
-130
-157
-147
-210
-225
-263
-308
-318
-363
-374
-399
-426
-399
-391
-435
-428
-470
-459
-488
-488
-490
-473
-461
-458
-462
-472
-480
-545
-531
-583
-580
-601
-655
-618
-688
-700
-659
-707
-708
-692
-684
-685
-648
-665
-606
-557
-550
-485
-446
-398
-390
-348
-325
-297
-290
-251
-238
-232
-186
-187
-129
-129
-104
-88
-42
17
35
98
171
169
241
271
296
379
411
482
513
564
666
706
758
815
897
922
989
1021
1045
1078
1077
1080
1072
1094
1075
1097
1135
1170
1144
1152
1110
1092
1049
965
899
791
758
654
584
528
441
380
345
290
222
197
172
128
83
48
6
-70
-120
-197
-228
-279
-324
-331
-418
-434
-485
-550
-579
-620
-637
-651
-627
-617
-632
-600
-637
-646
-675
-651
-680
-673
-667
-674
-607
-642
-616
-594
-585
-549
-507
-467
-437
-392
-368
-345
-365
-341
-348
-349
-321
-328
-323
-310
-309
-321
-355
-372
-359
-410
-450
-501
-533
-545
-588
-521
-546
-534
-516
-500
-478
-458
-439
-427
-368
-305
-239
-171
-85
-69
20
27
22
92
129
193
205
275
245
251
277
226
286
249
281
322
304
342
354
336
342
315
330
343
349
407
426
441
470
491
501
538
542
586
627
656
740
718
727
769
753
753
702
714
705
701
724
742
704
730
716
624
648
564
561
495
481
457
358
349
267
249
235
156
145
98
51
59
6
-37
-49
-94
-112
-136
-178
-196
-220
-264
-298
-301
-339
-342
-396
-420
-464
-520
-537
-626
-667
-660
-670
-729
-712
-742
-704
-694
-709
-654
-655
-668
-643
-642
-684
-648
-624
-606
-584
-576
-513
-486
-465
-470
-460
-445
-413
-358
-320
-244
-185
-113
-125
-47
-25
26
80
148
231
259
361
387
449
490
514
557
602
610
669
664
676
674
641
642
615
648
633
655
647
631
633
613
556
534
495
426
350
285
246
170
111
41
-3
-77
-114
-162
-208
-260
-305
-319
-336
-360
-356
-355
-352
-356
-378
-366
-346
-348
-364
-390
-420
-440
-441
-447
-446
-389
-363
-310
-260
-256
-188
-140
-113
-107
-80
-118
-110
-94
-152
-104
-130
-107
-29
45
98
167
213
227
285
290
328
306
316
309
299
313
278
309
272
266
252
286
294
304
318
294
316
296
282
276
233
240
211
152
135
98
85
66
23
-6
13
-16
-47
-39
-131
-112
-168
-251
-267
-306
-324
-367
-377
-395
-398
-380
-411
-421
-375
-411
-419
-391
-418
-421
-407
-396
-409
-366
-374
-329
-324
-275
-237
-216
-108
-81
-15
29
98
136
205
247
273
320
332
366
365
352
338
326
326
340
348
351
373
399
415
419
417
380
376
290
261
199
146
105
87
82
72
104
109
153
106
115
92
71
25
-30
-41
-94
-87
-118
-153
-157
-183
-187
-225
-257
-258
-328
-329
-371
-366
-397
-412
-433
-461
-446
-494
-505
-565
-549
-553
-579
-595
-650
-637
-639
-605
-606
-587
-566
-540
-506
-469
-438
-386
-340
-299
-235
-189
-112
-37
18
100
170
242
300
378
467
525
563
665
691
704
799
835
863
908
949
977
1025
1020
1047
1017
1002
997
995
958
1000
985
991
1018
933
941
887
834
744
681
618
537
460
407
320
275
216
131
97
11
-13
-97
-151
-202
-267
-285
-344
-355
-390
-405
-444
-487
-526
-572
-592
-636
-680
-677
-696
-660
-638
-643
-614
-611
-621
-623
-664
-669
-724
-727
-733
-750
-723
-718
-685
-702
-676
-689
-647
-652
-665
-639
-665
-654
-629
-616
-621
-553
-534
-472
-394
-372
-312
-227
-216
-153
-89
-71
-5
58
77
164
176
229
246
240
281
290
314
335
409
437
480
534
525
552
576
547
558
519
535
507
499
491
476
502
499
497
522
515
541
555
561
534
490
483
442
390
369
331
292
277
237
211
172
172
176
185
189
232
223
225
263
251
213
201
193
147
117
89
17
-27
-87
-135
-183
-215
-227
-233
-257
-254
-276
-307
-299
-306
-327
-370
-346
-352
-346
-335
-305
-288
-297
-255
-246
-261
-248
-259
-235
-221
-250
-236
-282
-283
-304
-314
-292
-288
-259
-219
-184
-191
-154
-162
-226
-231
-255
-298
-300
-315
-316
-305
-305
-320
-331
-307
-283
-276
-270
-187
-181
-121
-85
-115
-36
-49
-22
-18
-19
0
6
4
9
0
-11
8
-18
-21
-25
-45
-17
-37
-28
14
26
66
71
142
169
172
238
254
267
272
284
297
323
379
413
470
494
570
633
677
748
747
789
815
806
819
799
784
760
734
701
662
627
576
556
523
488
473
461
457
420
389
398
342
304
271
187
154
62
-23
-74
-159
-223
-264
-320
-337
-375
-400
-418
-445
-489
-508
-541
-553
-558
-607
-652
-684
-688
-717
-756
-781
-800
-771
-765
-745
-756
-755
-733
-737
-723
-720
-677
-595
-580
-536
-515
-470
-484
-393
-393
-354
-281
-309
-273
-281
-273
-318
-298
-360
-359
-320
-293
-237
-210
-136
-67
-36
-10
23
45
86
172
175
193
252
276
314
359
367
429
467
529
582
595
653
670
723
707
718
738
767
782
744
743
698
671
627
606
591
564
564
541
528
531
495
497
493
437
409
370
317
310
259
186
156
106
53
15
-20
-60
-71
-82
-128
-129
-161
-216
-215
-246
-296
-273
-272
-297
-275
-286
-293
-301
-318
-350
-346
-386
-414
-395
-392
-389
-355
-342
-330
-273
-254
-206
-209
-158
-117
-132
-64
-68
-62
-50
-57
-73
-85
-49
-101
-76
-65
-99
-92
-73
-62
-33
15
17
34
54
70
71
19
39
18
45
79
33
79
52
60
35
44
18
-12
21
-10
-21
-43
-33
-62
-84
-111
-184
-182
-188
-218
-206
-203
-220
-257
-283
-302
-353
-355
-379
-353
-338
-378
-374
-375
-345
-359
-343
-325
-245
-159
-118
-52
24
17
70
86
88
139
107
154
131
151
149
150
174
214
244
260
273
316
337
365
402
386
437
447
463
518
517
537
545
548
544
569
568
591
611
593
650
633
651
639
613
608
559
509
482
377
313
240
140
99
13
-34
-84
-145
-172
-210
-226
-254
-273
-298
-319
-337
-395
-406
-439
-451
-433
-457
-458
-444
-445
-446
-412
-457
-489
-468
-479
-473
-474
-498
-466
-449
-487
-502
-479
-507
-471
-483
-461
-413
-387
-338
-341
-327
-308
-273
-237
-205
-167
-130
-111
-92
-125
-105
-111
-122
-76
-62
-24
5
54
66
81
81
79
55
90
98
99
170
155
173
189
163
149
161
162
165
176
189
170
182
172
175
203
194
206
179
198
177
170
172
162
181
163
200
212
240
259
289
297
291
310
292
297
233
242
246
238
253
278
297
352
346
355
355
336
365
370
374
388
398
421
441
449
