SAMPLES:	13872
BITSPERSAMPLE:	16
CHANNELS:	1
SAMPLERATE:	16000
NORMALIZED:	FALSE
389
359
342
364
347
342
333
337
325
293
300
275
244
224
230
187
233
191
173
204
146
159
138
116
132
107
155
143
127
141
139
123
107
132
102
150
143
136
135
102
81
77
67
15
15
-11
-15
-25
-51
-37
-80
-123
-96
-129
-151
-142
-159
-153
-183
-216
-213
-290
-271
-274
-320
-317
-329
-328
-305
-324
-338
-325
-297
-287
-259
-254
-258
-233
-245
-213
-214
-202
-160
-187
-160
-166
-202
-183
-216
-246
-238
-217
-221
-189
-197
-182
-227
-219
-217
-239
-208
-215
-239
-235
-216
-240
-196
-229
-241
-211
-208
-190
-134
-144
-149
-97
-122
-115
-83
-80
-80
-95
-49
-55
-54
-46
-34
-29
-6
16
17
67
74
115
121
144
193
202
236
267
296
323
357
410
440
489
506
517
523
544
531
551
511
506
489
473
504
426
425
362
328
293
279
244
241
247
216
198
150
152
114
101
80
62
79
42
43
40
24
-21
-22
-61
-123
-120
-176
-168
-176
-206
-210
-232
-260
-260
-292
-296
-326
-334
-314
-328
-315
-332
-341
-355
-367
-361
-387
-383
-371
-397
-404
-391
-372
-371
-354
-341
-343
-288
-268
-263
-248
-230
-205
-177
-147
-137
-177
-134
-104
-139
-104
-89
-113
-90
-62
-42
-15
23
48
67
116
148
149
188
194
215
238
253
266
256
270
285
273
257
236
264
262
258
239
224
228
217
204
175
183
156
178
176
177
183
156
144
116
96
69
46
41
41
19
8
-1
23
24
24
20
-11
29
20
11
50
31
35
42
53
56
59
82
88
99
107
115
113
113
142
115
99
145
144
164
176
187
210
210
225
223
195
160
154
144
111
125
116
114
101
53
65
53
62
59
64
77
56
46
30
-5
-2
-64
-88
-107
-175
-188
-268
-294
-323
-311
-386
-378
-350
-363
-335
-330
-312
-308
-253
-267
-220
-208
-215
-177
-187
-197
-163
-175
-128
-99
-120
-78
-91
-75
-68
-84
-106
-43
-67
-75
-65
-79
-68
-91
-83
-139
-98
-109
-106
-54
-51
-20
-35
-21
2
25
32
74
112
87
150
147
176
199
209
241
224
271
279
296
309
302
335
295
290
268
286
300
290
297
288
301
252
273
267
262
260
220
268
228
244
241
191
168
156
130
78
111
58
60
6
-14
-14
-101
-84
-155
-166
-180
-215
-200
-220
-217
-235
-255
-284
-266
-315
-309
-333
-344
-356
-401
-410
-419
-449
-478
-451
-446
-465
-441
-432
-454
-458
-436
-432
-444
-403
-410
-358
-356
-325
-310
-294
-266
-256
-178
-168
-123
-83
-68
-36
26
-9
27
38
48
55
36
75
78
93
83
110
119
122
140
153
191
198
207
233
220
229
255
269
262
285
283
329
303
325
342
337
384
384
381
350
384
330
315
332
292
301
280
261
303
265
283
270
271
293
257
265
229
247
218
193
188
181
177
198
202
203
199
210
186
178
197
159
181
156
147
146
114
74
68
27
0
-27
-36
-64
-76
-84
-114
-110
-129
-173
-177
-176
-227
-230
-259
-271
-282
-334
-319
-391
-382
-390
-422
-420
-487
-457
-474
-496
-459
-487
-491
-511
-498
-472
-487
-455
-450
-438
-415
-412
-408
-381
-367
-368
-332
-314
-326
-273
-285
-246
-224
-228
-211
-187
-157
-135
-98
-64
-28
10
29
69
102
75
156
145
164
167
189
215
211
235
262
281
274
313
333
380
389
436
413
420
430
404
403
417
420
419
431
435
435
387
430
409
379
402
388
416
391
433
415
432
408
354
376
321
315
284
248
222
212
188
205
163
140
122
121
99
82
59
7
30
16
0
-6
4
-15
-16
-15
-33
-46
-27
-59
-43
-64
-66
-46
-89
-76
-110
-87
-102
-91
-92
-76
-69
-83
-56
-109
-91
-130
-135
-124
-143
-155
-171
-165
-169
-193
-211
-218
-258
-223
-262
-267
-252
-287
-284
-309
-343
-348
-344
-370
-339
-333
-373
-352
-393
-413
-398
-395
-365
-407
-369
-404
-404
-396
-420
-405
-393
-373
-354
-337
-313
-278
-286
-265
-256
-252
-215
-226
-211
-185
-201
-181
-153
-159
-81
-63
-15
57
82
121
165
167
205
247
234
299
299
343
387
401
434
460
482
443
442
493
450
474
489
462
455
466
441
436
424
397
391
370
333
320
330
292
279
244
246
236
247
226
187
196
174
154
177
135
125
109
85
84
65
19
-26
-23
-17
-37
-24
-17
-52
-50
-80
-95
-97
-120
-138
-128
-138
-116
-88
-124
-126
-132
-141
-130
-130
-118
-106
-108
-98
-104
-139
-132
-136
-145
-166
-154
-158
-154
-152
-141
-161
-174
-156
-135
-107
-67
-38
-48
-13
-25
-33
-18
10
15
43
40
55
25
31
-7
4
6
-21
0
0
24
13
27
-17
-26
-53
-50
-32
-33
-65
-26
-42
-92
-68
-98
-92
-118
-128
-83
-130
-137
-94
-110
-104
-104
-104
-99
-81
-95
-91
-103
-103
-110
-121
-112
-117
-136
-105
-81
-76
-44
-56
-9
26
6
20
18
-14
5
0
-19
-18
-4
-8
-7
-21
-17
-42
-6
-30
-49
-10
-76
-48
-71
-96
-93
-82
-112
-63
-65
-40
-17
-1
24
22
34
17
53
46
76
72
103
123
120
135
140
117
103
174
140
155
175
177
185
154
162
121
112
90
92
96
88
115
102
86
65
84
66
68
79
96
117
111
130
125
155
127
139
151
154
150
133
124
108
94
76
43
35
28
-14
3
1
7
6
-24
-49
-73
-73
-118
-102
-121
-152
-100
-164
-143
-165
-194
-132
-193
-125
-117
-77
-43
-24
12
35
30
59
107
59
125
120
156
166
152
188
141
180
192
213
251
264
287
278
268
281
251
258
241
224
234
196
231
228
177
180
170
192
167
162
133
95
109
43
6
-1
-32
-30
-52
-91
-89
-121
-132
-156
-182
-218
-216
-239
-252
-273
-273
-259
-272
-292
-278
-281
-277
-259
-270
-256
-245
-233
-215
-196
-209
-176
-230
-226
-238
-210
-237
-249
-216
-283
-241
-227
-214
-223
-199
-201
-217
-196
-214
-233
-253
-256
-264
-268
-247
-262
-274
-238
-228
-209
-179
-146
-135
-121
-86
-85
-79
-85
-35
-28
-21
-14
2
12
21
55
69
105
96
128
138
162
139
114
111
70
114
124
136
153
167
170
148
209
218
223
252
259
292
296
339
377
321
361
348
359
387
389
395
389
401
392
407
400
409
407
382
399
350
367
342
274
271
218
192
133
129
59
38
26
1
-17
-36
-47
-71
-83
-138
-137
-159
-171
-129
-162
-168
-177
-163
-188
-183
-195
-215
-195
-234
-239
-251
-286
-272
-290
-333
-315
-317
-286
-314
-316
-295
-324
-300
-290
-302
-304
-302
-307
-279
-292
-304
-272
-240
-253
-202
-176
-168
-167
-133
-79
-83
-44
-12
-6
-18
5
17
36
46
64
64
99
91
130
130
126
147
117
162
162
166
187
178
154
180
171
161
174
163
170
165
122
143
129
102
123
76
83
86
62
85
69
66
65
83
115
124
155
175
201
216
207
222
240
207
194
191
186
170
159
165
145
110
95
76
41
49
33
52
15
12
19
-20
-58
-76
-117
-184
-194
-216
-229
-235
-256
-315
-289
-318
-338
-308
-326
-314
-314
-283
-272
-257
-250
-231
-202
-193
-167
-156
-113
-111
-104
-72
-75
-44
-42
-41
-34
-43
-18
3
3
-6
-21
-13
-15
14
27
17
35
25
34
-14
-10
32
21
53
59
91
108
135
164
195
209
244
263
279
326
319
365
362
369
373
348
416
415
406
423
399
405
410
398
374
383
357
350
323
342
310
262
283
242
198
168
148
158
133
113
54
47
21
15
-22
-34
-41
-66
-39
-87
-50
-83
-79
-126
-139
-153
-202
-160
-209
-226
-218
-245
-265
-253
-262
-264
-267
-299
-272
-293
-286
-288
-309
-280
-300
-286
-294
-280
-277
-248
-231
-244
-238
-256
-231
-232
-251
-240
-250
-265
-247
-223
-230
-219
-186
-199
-126
-139
-120
-110
-171
-140
-137
-102
-129
-151
-104
-127
-115
-119
-151
-150
-158
-172
-172
-165
-172
-204
-187
-215
-211
-180
-188
-152
-117
-112
-65
-24
6
52
38
72
77
104
117
117
146
130
141
155
163
175
197
205
216
215
234
240
229
238
205
203
207
241
210
229
211
196
193
153
141
127
137
107
96
121
122
116
163
94
94
149
98
93
157
98
132
124
85
134
113
116
147
144
145
180
151
176
136
119
102
70
86
71
71
44
-32
-33
-49
-83
-53
-107
-98
-89
-148
-128
-159
-150
-214
-229
-158
-190
-147
-163
-168
-180
-169
-146
-139
-142
-125
-95
-97
-25
-26
11
-23
-7
30
8
83
60
77
110
103
141
137
123
110
108
121
76
83
79
68
46
82
35
46
23
-13
5
-22
19
-33
-16
-14
-22
17
-14
-43
-24
-41
-9
-5
2
36
17
102
94
96
131
137
123
189
165
172
190
168
217
216
222
261
214
197
223
183
184
142
74
73
34
35
2
-47
-64
-107
-67
-106
-135
-157
-204
-212
-196
-166
-176
-166
-143
-155
-102
-97
-118
-88
-96
-36
-7
-67
-32
-64
-88
-83
-84
-71
-101
-101
-90
-83
-126
-101
-133
-152
-177
-174
-194
-196
-212
-243
-215
-238
-227
-236
-243
-219
-227
-202
-230
-198
-181
-180
-135
-127
-112
-103
-61
-97
-34
3
12
33
30
110
131
162
173
176
254
236
263
310
283
335
301
305
289
240
242
185
160
119
155
116
91
112
113
103
111
98
94
55
56
54
31
24
4
19
3
14
50
59
51
83
91
150
103
130
169
143
167
170
146
151
166
154
179
113
124
98
77
47
14
9
-32
-28
-42
-43
-82
-71
-88
-102
-83
-114
-121
-137
-172
-167
-205
-199
-204
-271
-220
-203
-194
-143
-148
-141
-136
-134
-126
-125
-112
-151
-132
-116
-160
-134
-173
-188
-215
-232
-195
-232
-236
-234
-282
-309
-282
-331
-294
-351
-394
-329
-355
-324
-281
-332
-279
-267
-244
-178
-202
-137
-152
-129
-75
-102
-54
-71
-91
-48
11
9
14
54
22
84
98
119
177
134
167
205
184
245
209
230
245
189
264
243
184
239
169
151
170
159
168
169
166
132
212
167
214
242
237
279
233
345
319
317
315
308
348
330
371
377
387
367
330
388
329
337
373
302
361
334
316
374
306
349
316
253
304
189
254
182
170
210
103
159
112
79
104
48
79
23
-16
11
-19
-35
-33
-59
-86
-93
-82
-77
-138
-113
-132
-145
-113
-121
-98
-105
-143
-161
-173
-185
-184
-212
-196
-196
-237
-241
-198
-292
-266
-245
-354
-226
-345
-338
-345
-445
-353
-394
-390
-434
-445
-409
-428
-439
-388
-440
-404
-363
-395
-291
-361
-323
-276
-348
-246
-242
-197
-153
-175
-17
-130
-11
46
-60
97
28
84
146
91
179
151
145
159
151
126
138
90
104
127
70
125
67
35
75
31
103
71
63
78
56
100
121
100
97
133
112
179
118
107
137
70
40
86
84
36
31
38
22
-1
-23
-7
-58
-119
-70
-52
-89
-75
-56
-86
-79
-82
-28
-86
-92
-14
-42
18
27
70
123
96
122
194
183
230
270
250
341
277
343
351
376
435
376
432
464
461
437
445
424
434
440
477
486
439
429
417
433
334
329
333
276
273
256
244
171
145
143
90
21
-43
2
-97
-137
-192
-293
-234
-368
-345
-335
-474
-412
-449
-479
-461
-572
-548
-620
-664
-685
-760
-758
-837
-854
-869
-909
-882
-913
-896
-892
-868
-777
-846
-799
-745
-736
-661
-660
-579
-603
-503
-464
-478
-348
-392
-290
-223
-156
-84
6
129
154
283
332
416
505
530
641
631
825
863
862
1001
940
1040
1139
1121
1162
1177
1190
1218
1280
1226
1244
1156
1146
1210
1031
1131
929
869
936
689
766
617
512
526
307
371
277
179
180
31
24
-106
-155
-192
-318
-392
-438
-507
-627
-706
-773
-882
-966
-1041
-1101
-1186
-1290
-1273
-1350
-1426
-1428
-1474
-1459
-1463
-1456
-1387
-1405
-1360
-1293
-1273
-1196
-1167
-1129
-996
-964
-851
-685
-603
-486
-286
-202
-1
130
272
488
565
787
892
1012
1152
1258
1349
1447
1534
1535
1648
1662
1658
1703
1672
1669
1671
1674
1660
1580
1467
1465
1325
1287
1291
1119
1064
956
860
810
708
552
447
315
204
214
28
-9
-127
-297
-123
-339
-307
-322
-507
-449
-548
-581
-613
-840
-904
-1077
-1255
-1302
-1559
-1720
-1946
-2078
-2225
-2382
-2391
-2493
-2510
-2451
-2449
-2341
-2257
-2144
-2043
-1906
-1756
-1606
-1368
-1233
-1004
-785
-588
-369
-83
159
354
629
859
1138
1358
1598
1855
1990
2148
2291
2419
2497
2537
2604
2630
2620
2654
2568
2491
2467
2343
2282
2178
2037
1918
1775
1721
1504
1418
1308
1115
1025
853
706
538
286
145
11
-194
-345
-577
-714
-865
-1037
-1061
-1230
-1447
-1440
-1527
-1610
-1646
-1800
-1764
-1916
-1947
-1939
-2122
-2083
-2187
-2180
-2177
-2235
-2231
-2263
-2287
-2266
-2293
-2362
-2486
-2661
-2747
-2788
-2832
-2928
-2994
-3015
-2942
-2768
-2548
-2381
-2183
-1903
-1567
-1192
-853
-542
-268
58
399
785
1109
1335
1590
1941
2212
2589
2883
3016
3289
3473
3717
3892
3929
3990
3983
3995
3984
3947
3855
3687
3554
3453
3294
3221
3012
2825
2685
2492
2367
2117
1930
1727
1534
1393
1166
993
897
767
661
579
449
371
328
236
110
2
-93
-228
-300
-422
-523
-648
-760
-856
-919
-1039
-1147
-1283
-1414
-1572
-1722
-1829
-2073
-2231
-2330
-2434
-2491
-2553
-2586
-2576
-2575
-2471
-2385
-2256
-2193
-2047
-1902
-1790
-1755
-1781
-1756
-1759
-1722
-1802
-1929
-2111
-2216
-2270
-2368
-2483
-2496
-2469
-2351
-2129
-1926
-1713
-1476
-1186
-867
-570
-293
6
207
427
711
894
967
1152
1248
1401
1565
1612
1737
1712
1720
1776
1706
1656
1623
1497
1428
1337
1248
1145
1022
907
811
702
661
550
445
372
250
230
123
146
100
76
237
255
403
513
623
792
823
975
1059
1167
1319
1361
1487
1586
1614
1698
1795
1825
1849
1909
1935
1936
1914
1916
1809
1720
1640
1451
1354
1139
979
901
676
598
503
377
344
223
174
70
27
30
-53
-22
-74
-72
-157
-174
-148
-287
-342
-424
-603
-645
-791
-1011
-1198
-1460
-1604
-1878
-2148
-2428
-2715
-2919
-3098
-3300
-3539
-3681
-3712
-3720
-3643
-3600
-3445
-3356
-3220
-3018
-2841
-2619
-2491
-2339
-2161
-1951
-1711
-1493
-1366
-1159
-906
-693
-452
-257
-99
50
172
342
422
454
417
404
462
576
650
730
796
859
1043
1299
1538
1748
1937
2121
2380
2587
2780
2880
2913
2910
2957
3008
3059
2981
2856
2879
2827
2916
2976
2898
2915
2894
2955
3028
2994
2951
2883
2850
2824
2767
2578
2375
2121
1907
1731
1578
1298
1086
867
723
592
440
276
94
-14
-123
-156
-312
-439
-569
-714
-817
-1020
-1156
-1290
-1436
-1443
-1526
-1596
-1715
-1802
-1852
-1898
-1962
-2004
-2091
-2181
-2186
-2324
-2417
-2575
-2736
-2855
-3086
-3230
-3468
-3694
-3862
-4063
-4248
-4410
-4489
-4674
-4683
-4609
-4560
-4436
-4230
-4009
-3812
-3502
-3158
-2859
-2536
-2150
-1837
-1428
-988
-615
-230
207
606
1031
1441
1773
2122
2445
2790
3006
3216
3382
3439
3501
3555
3594
3619
3563
3489
3370
3262
3227
3107
3051
2948
2841
2803
2812
2724
2642
2558
2423
2325
2131
2156
1989
1847
1810
1622
1664
1486
1411
1391
1214
1289
1240
1296
1371
1315
1489
1496
1558
1602
1527
1564
1506
1473
1422
1236
1084
917
777
584
389
356
145
120
115
3
66
1
27
43
-16
41
-23
-28
-60
-181
-270
-359
-487
-549
-743
-839
-941
-1236
-1263
-1466
-1714
-1766
-1988
-2123
-2249
-2461
-2549
-2772
-3004
-3173
-3510
-3689
-3914
-4093
-4264
-4592
-4738
-4955
-4993
-4973
-4933
-4840
-4678
-4455
-4138
-3830
-3533
-3282
-2945
-2552
-2159
-1712
-1370
-1073
-743
-397
-74
306
603
949
1285
1619
1953
2247
2406
2524
2667
2814
2806
2834
2789
2733
2729
2683
2614
2566
2488
2372
2399
2350
2327
2250
2272
2223
2208
2253
2193
2203
2222
2317
2396
2406
2360
2409
2403
2480
2479
2446
2390
2380
2570
2544
2674
2676
2691
2821
2932
3139
3116
3094
3110
3007
2969
2854
2582
2329
2120
1965
1780
1556
1348
1085
865
723
532
326
155
-86
-277
-395
-626
-822
-1103
-1349
-1476
-1716
-1890
-2151
-2344
-2537
-2736
-2867
-3092
-3351
-3536
-3742
-3939
-3994
-4232
-4369
-4528
-4695
-4743
-4921
-4950
-5148
-5329
-5328
-5456
-5499
-5626
-5697
-5657
-5678
-5497
-5354
-5124
-4830
-4534
-4153
-3758
-3401
-2983
-2570
-2139
-1600
-1120
-582
-54
529
1065
1617
2199
2645
3162
3654
4042
4469
4730
4907
5043
5141
5166
5132
5066
4929
4816
4709
4554
4324
4116
3947
3775
3623
3532
3433
3332
3331
3312
3226
3142
3061
2875
2761
2741
2510
2481
2316
2203
2170
2065
2033
1924
1871
1882
1942
1981
2053
2117
2149
2227
2262
2199
2050
1939
1730
1433
1248
920
587
305
25
-240
-453
-662
-834
-963
-1081
-1176
-1325
-1378
-1489
-1556
-1588
-1649
-1668
-1714
-1838
-1870
-1939
-2046
-2122
-2310
-2395
-2540
-2664
-2786
-2963
-3115
-3310
-3415
-3522
-3625
-3605
-3663
-3703
-3686
-3686
-3789
-3781
-3831
-3914
-3915
-4018
-4052
-4176
-4249
-4284
-4273
-4193
-4037
-3884
-3677
-3397
-3094
-2809
-2506
-2178
-1895
-1529
-1147
-761
-422
-41
364
755
1167
1428
1762
2080
2360
2690
2921
3129
3211
3262
3272
3258
3227
3095
2999
2776
2701
2566
2303
2210
1981
1851
1802
1729
1722
1693
1701
1736
1750
1799
1855
1875
2027
2128
2255
2467
2536
2669
2799
2936
3050
3157
3311
3401
3626
3729
3843
3898
3906
3988
3924
3837
3630
3393
3084
2806
2460
2076
1691
1261
967
643
394
120
-173
-354
-604
-843
-950
-1189
-1349
-1489
-1661
-1734
-1868
-2018
-2045
-2146
-2287
-2394
-2531
-2651
-2748
-2904
-3065
-3195
-3320
-3482
-3698
-3798
-3979
-4087
-4105
-4253
-4209
-4211
-4247
-4241
-4272
-4258
-4260
-4202
-4199
-4199
-4237
-4290
-4203
-4138
-3994
-3885
-3768
-3559
-3296
-2921
-2526
-2122
-1733
-1283
-824
-265
324
842
1322
1818
2314
2820
3320
3741
4040
4305
4584
4814
4941
4961
4961
4812
4711
4571
4332
4021
3626
3259
2937
2563
2207
1866
1455
1213
1025
815
687
508
389
315
312
402
444
475
634
790
960
1197
1373
1550
1676
1835
2080
2277
2444
2587
2724
2876
3012
3096
3005
2951
2796
2562
2363
1979
1623
1206
795
451
143
-199
-472
-699
-1005
-1199
-1440
-1638
-1833
-2051
-2141
-2252
-2317
-2405
-2491
-2540
-2648
-2664
-2686
-2760
-2790
-2825
-2942
-3003
-3035
-3147
-3240
-3352
-3442
-3476
-3498
-3493
-3553
-3488
-3414
-3332
-3187
-3059
-2955
-2776
-2648
-2485
-2294
-2158
-2045
-1958
-1945
-1959
-1958
-1923
-1843
-1796
-1675
-1610
-1448
-1252
-1060
-806
-607
-314
99
520
954
1311
1691
2014
2427
2848
3178
3458
3624
3808
3924
4017
3995
3867
3666
3400
3154
2960
2639
2253
1863
1509
1202
962
721
461
279
141
120
89
184
186
230
436
609
853
1040
1218
1459
1703
1977
2242
2466
2655
2887
3145
3336
3548
3672
3666
3711
3656
3557
3395
3156
2882
2594
2264
1978
1607
1228
944
611
374
142
-34
-218
-437
-594
-779
-935
-1073
-1249
-1427
-1468
-1554
-1632
-1640
-1792
-1918
-1966
-2138
-2245
-2364
-2518
-2611
-2738
-2818
-2939
-3116
-3209
-3295
-3371
-3410
-3459
-3489
-3517
-3494
-3522
-3499
-3458
-3442
-3390
-3313
-3309
-3192
-3162
-3138
-3084
-3145
-3192
-3239
-3212
-3227
-3194
-3169
-3089
-2961
-2720
-2455
-2168
-1845
-1499
-1122
-679
-240
197
606
981
1428
1871
2287
2552
2823
3004
3117
3245
3237
3107
2933
2676
2428
2190
1873
1563
1229
903
558
321
109
-42
-181
-217
-230
-124
5
175
463
775
1147
1647
2100
2566
3064
3398
3812
4139
4441
4709
4942
5120
5273
5357
5341
5303
5220
5107
4932
4701
4454
4164
3826
3519
3104
2700
2317
1892
1523
1121
770
461
91
-229
-559
-847
-1070
-1372
-1557
-1737
-1953
-2028
-2169
-2254
-2331
-2415
-2445
-2504
-2622
-2698
-2851
-3000
-3143
-3332
-3505
-3782
-3950
-4178
-4328
-4409
-4509
-4552
-4537
-4495
-4388
-4234
-4094
-3908
-3733
-3530
-3324
-3173
-3049
-2968
-2974
-2972
-3074
-3083
-3175
-3213
-3180
-3109
-2823
-2629
-2266
-1892
-1513
-1026
-507
28
584
1079
1595
2054
2511
2831
3038
3174
3150
3136
2992
2816
2569
2242
1912
1533
1236
898
671
466
290
245
205
229
281
366
442
612
744
916
1116
1297
1545
1753
1984
2204
2424
2654
2943
3207
3479
3823
4098
4419
4679
4891
5117
5267
5360
5369
5320
5158
4875
4554
4179
3697
3215
2649
2125
1533
1000
513
25
-335
-709
-988
-1233
-1343
-1419
-1437
-1406
-1432
-1387
-1406
-1381
-1486
-1555
-1617
-1730
-1855
-1938
-2001
-2126
-2179
-2297
-2418
-2532
-2727
-2922
-3151
-3406
-3641
-3862
-4085
-4311
-4456
-4532
-4624
-4602
-4527
-4569
-4547
-4431
-4377
-4288
-4265
-4356
-4352
-4428
-4374
-4259
-4151
-3994
-3685
-3272
-2744
-2078
-1432
-720
24
812
1517
2187
2751
3104
3369
3542
3658
3566
3302
2965
2588
2117
1672
1199
657
188
-287
-591
-771
-899
-967
-1052
-1054
-996
-789
-657
-608
-445
-373
-179
27
335
773
1203
1769
2387
3038
3751
4458
5145
5793
6360
6833
7175
7276
7296
7081
6732
6251
5692
5031
4286
3643
2965
2351
1783
1326
919
689
462
409
435
466
572
640
803
863
938
919
827
779
627
466
349
161
-54
-227
-446
-654
-923
-1199
-1488
-1864
-2235
-2591
-3002
-3439
-3901
-4396
-4862
-5379
-5784
-6210
-6521
-6806
-6961
-6995
-6878
-6548
-6135
-5718
-5275
-4835
-4412
-3877
-3468
-3230
-3147
-3063
-3111
-3147
-3081
-3008
-2919
-2660
-2233
-1660
-814
157
1071
1974
2953
3863
4594
5109
5455
5489
5330
5012
4558
3904
3050
2255
1389
625
74
-386
-838
-1095
-1119
-1031
-792
-545
-236
18
321
615
854
950
913
844
788
912
1035
1268
1592
1982
2496
3179
3851
4347
4867
5244
5454
5580
5446
5069
4589
3904
3069
2132
1251
443
-384
-946
-1284
-1450
-1398
-1195
-750
-228
360
954
1577
2095
2514
2888
2971
2993
2860
2649
2361
1996
1585
1245
872
545
326
91
-117
-360
-697
-1055
-1521
-2020
-2542
-3189
-3789
-4365
-4916
-5451
-5877
-6194
-6417
-6450
-6352
-6109
-5735
-5257
-4674
-3989
-3288
-2447
-1825
-1510
-1341
-1167
-1028
-1365
-1938
-2590
-3171
-3716
-4022
-3951
-3730
-3330
-2452
-1260
71
1652
3127
4161
5072
5910
6383
6319
5924
5160
4079
2969
1945
904
-156
-904
-1423
-1713
-1564
-1214
-910
-644
-200
294
582
670
610
279
-255
-562
-792
-1075
-1229
-1119
-886
-464
436
1565
2550
3599
4734
5728
6494
6978
6962
6412
5587
4536
3240
1883
600
-708
-1663
-2217
-2397
-2289
-1876
-1071
-135
974
2152
3093
3709
4079
4220
4033
3568
3007
2374
1834
1407
1228
1247
1438
1676
1983
2278
2487
2540
2282
1722
1014
54
-1108
-2317
-3443
-4579
-5478
-6030
-6367
-6371
-6178
-5748
-5259
-4690
-4133
-3746
-3597
-3551
-3627
-3865
-4223
-4626
-4849
-5000
-4892
-4560
-4313
-4322
-4201
-3740
-3376
-3693
-4232
-4483
-4771
-4934
-4678
-4140
-3598
-2672
-1174
408
2115
4018
5418
6200
7017
7677
7605
6921
5957
4702
3203
1940
819
-327
-1246
-1747
-2032
-2042
-1602
-1107
-918
-739
-218
146
259
213
126
4
31
480
927
1328
1956
2738
3467
4338
5391
6049
6262
6519
6761
6593
6176
5607
4661
3571
2656
1785
679
-361
-1025
-1623
-1971
-1939
-1692
-1387
-880
-105
667
1506
2383
3104
3557
4083
4579
4717
4638
4466
4202
3779
3408
3066
2549
1987
1438
901
288
-353
-1041
-1833
-2632
-3213
-3731
-4307
-4758
-5019
-5162
-5136
-4834
-4439
-4217
-4013
-3764
-3632
-3538
-3647
-3953
-4494
-4905
-5037
-5397
-5563
-5350
-5064
-4649
-3879
-3025
-2514
-2450
-2852
-3293
-3504
-4078
-5439
-6718
-7204
-7332
-6971
-5815
-4140
-2260
104
2798
5136
7170
8803
9149
8511
7747
6542
4561
2285
273
-1556
-2775
-3104
-3039
-2588
-1643
-403
619
1518
2226
2254
1577
673
-76
-783
-1390
-1722
-1493
-680
838
2651
4537
6188
7418
8362
8688
8362
7505
6012
4058
2109
526
-729
-1929
-2536
-2482
-1981
-1216
-92
1079
1803
2486
2992
3057
2782
2631
2356
1923
1947
2353
2803
3471
4371
5231
5803
6221
6291
5649
4613
3371
1791
136
-1452
-2753
-3738
-4350
-4305
-3961
-3415
-2756
-2077
-1482
-1234
-1346
-1758
-2392
-3108
-3715
-4311
-4798
-4883
-4772
-4522
-4042
-3582
-3297
-3153
-3205
-3509
-4101
-4908
-5840
-6596
-7028
-7147
-6761
-6042
-5090
-4183
-3863
-3645
-2770
-2179
-3009
-4198
-4531
-4655
-4676
-3834
-2520
-1234
787
3448
5569
7200
8695
8934
7781
6460
5149
3021
400
-1648
-3091
-3935
-3706
-2842
-1901
-517
1339
2749
3562
4208
4258
3318
2228
1533
1032
721
766
1370
2596
4275
6030
7387
8172
8407
7903
6575
4704
2681
543
-1569
-3032
-3476
-3096
-2152
-638
1218
3038
4639
5753
5968
5199
3987
2308
414
-1201
-2333
-2718
-2340
-1173
550
2491
4331
5639
6278
6094
5030
3429
1219
-1271
-3334
-4848
-5775
-5982
-5269
-3926
-2391
-630
808
1710
1984
1417
253
-1309
-2928
-4606
-5818
-6286
-6224
-5628
-4484
-3332
-2404
-1465
-1138
-1517
-2263
-3494
-5118
-6706
-7759
-8229
-8210
-7506
-6088
-4230
-2131
12
1754
2752
2626
1217
-777
-2107
-3339
-5610
-7612
-7725
-6663
-4985
-2092
1116
3705
6322
8691
9677
9460
8507
6335
3071
421
-1173
-2484
-3183
-2968
-1780
197
2564
4437
5345
5538
4961
3461
1478
-425
-2273
-3606
-3882
-3101
-1132
1560
4146
6420
8544
9939
10070
9065
6941
3879
743
-1939
-4291
-5586
-5583
-4876
-3281
-694
2080
4146
5312
5604
5095
3678
1773
-370
-2196
-3150
-3224
-2220
-436
1799
4172
6032
7085
7475
6831
5020
2644
385
-1895
-3613
-4151
-3859
-2775
-1089
928
2807
4121
4642
4212
2810
835
-1261
-3415
-5133
-6008
-5981
-5388
-4407
-2922
-1417
-367
196
278
-494
-1887
-3359
-4899
-6659
-7949
-8256
-8189
-7776
-6781
-5440
-4217
-3181
-2185
-1589
-1433
-1258
-1158
-1128
-1606
-2910
-4001
-3821
-3570
-4533
-5545
-5375
-4770
-3898
-2058
-284
1058
2857
4887
5893
6375
6630
5649
3593
1941
999
-87
-1225
-1987
-1994
-1393
-302
659
1002
1261
1316
967
449
177
-217
-509
-175
1041
2756
4635
6413
7605
8454
8950
8744
7499
5354
2848
669
-1194
-2690
-3176
-2656
-1733
-146
2207
4569
6123
7225
7576
6879
5737
4387
2691
700
-528
-971
-1119
-673
285
1467
2317
2966
3451
3435
2999
2262
1260
437
-83
-433
-401
73
791
1367
1917
2230
1965
1368
403
-1079
-2604
-3929
-4973
-5585
-5844
-5700
-5234
-4697
-3874
-3003
-2547
-2417
-2544
-3134
-4157
-5058
-6075
-7365
-8118
-8337
-8383
-7928
-6994
-5757
-4511
-3143
-1847
-809
104
548
421
-41
-1315
-3388
-4660
-4880
-5734
-6848
-6569
-5110
-3377
-745
2383
4567
6248
7969
8566
7863
6729
5022
2446
43
-1158
-1685
-1879
-1601
-923
7
1319
2220
2259
1949
1382
538
-169
-319
-68
448
1759
3495
5447
7514
8908
9136
8551
7629
6171
4077
1611
-646
-2326
-3105
-3095
-2406
-899
884
2394
3935
5347
5978
5598
4451
3155
2070
845
-89
-438
-451
184
1184
2090
2780
3474
3597
3098
2413
1713
1075
179
-469
-509
-113
322
923
1738
2313
2577
2594
2173
1543
592
-660
-2143
-3164
-3925
-4633
-4884
-4778
-4386
-4110
-3625
-2996
-2452
-2184
-2306
-2801
-3424
-4495
-5588
-6516
-7654
-8495
-8530
-8203
-7465
-6002
-4396
-3062
-2055
-1027
-407
-462
-1031
-2699
-5658
-7752
-7760
-7618
-8132
-7532
-5015
-2122
1179
4637
6829
7936
8534
8035
6392
4350
2168
-293
-2681
-3746
-3323
-2126
-1348
-850
120
1179
1446
1002
382
-419
-835
-397
645
1944
3705
5627
7043
8357
9682
9901
8740
7316
5808
3867
2395
1482
55
-969
-769
-487
-763
-482
504
1090
1669
2924
4196
4895
5786
6519
6392
6060
5353
3727
1832
387
-930
-1962
-2416
-2442
-1606
-80
1292
2213
3289
3990
3956
3661
3349
2889
2464
2076
1822
2022
2153
1809
1080
374
-514
-1741
-2997
-4040
-5006
-5392
-4794
-4101
-3667
-3088
-2477
-2500
-2777
-3004
-3925
-5213
-6306
-7431
-8254
-8222
-7899
-7672
-7179
-6397
-5254
-4067
-3276
-2876
-2548
-2411
-2446
-2488
-2717
-3733
-5868
-7474
-7370
-6885
-7006
-6758
-5590
-3554
-535
2581
4658
6046
7122
7321
6742
5657
3960
1574
-883
-2481
-2769
-2332
-2094
-1919
-1372
-456
486
1184
1230
1201
1587
2405
3524
4749
6021
6813
7214
7853
8365
8048
7078
5541
4011
3041
2590
1636
443
-147
-373
-640
-665
-48
686
1422
2226
3348
4698
5760
6149
5822
5251
4457
3353
2275
1194
48
-524
-409
-206
258
1098
1777
1979
2594
3203
3143
3094
3210
3186
3224
3557
3560
3209
2886
2443
1670
856
114
-958
-1922
-2300
-2666
-3021
-2932
-2947
-3325
-3553
-3524
-3573
-3969
-4420
-4746
-5065
-5121
-5003
-5308
-6079
-6454
-6659
-7105
-7285
-7357
-7355
-7060
-6259
-5312
-4551
-3813
-3390
-3198
-3679
-5262
-6745
-6958
-6876
-7288
-6924
-5479
-3265
-558
2285
4390
5578
6099
5698
4694
3225
1859
167
-1656
-2615
-2529
-1971
-1935
-2018
-1886
-1655
-1271
-798
-61
922
2048
3613
5280
6810
8036
8407
7865
7287
7048
6263
4919
3763
2957
2422
2306
2010
954
22
-268
-879
-1463
-956
268
1566
3186
5350
7258
8494
8732
7883
6367
4492
2475
300
-1356
-2197
-2330
-1768
-607
694
1749
2564
3069
3632
4235
4364
4220
4220
4176
3915
3522
2862
1731
552
-508
-1431
-1901
-1794
-1675
-1493
-766
-231
-244
-466
-1032
-2188
-3331
-4156
-4825
-5094
-5079
-5145
-5137
-4832
-4596
-4868
-5597
-6275
-7005
-7683
-7698
-7314
-6955
-6323
-5325
-4583
-3765
-3059
-3086
-3607
-4020
-5196
-6923
-7567
-7572
-7729
-7680
-6552
-4863
-2937
-455
1985
3631
4770
5561
5600
4959
4354
3416
1921
662
-28
-468
-1018
-1708
-1936
-1648
-1205
-384
870
2295
3669
5220
6551
7338
7846
7876
6971
5960
5605
5231
4462
3514
2674
2464
2410
1849
1060
385
-429
-963
-705
-129
825
2077
2949
3731
5241
6309
5988
5387
4925
4246
3377
2691
2042
1294
548
202
232
74
172
328
681
1750
3001
3804
4454
5077
5184
4993
4378
3336
2253
1075
161
-305
-670
-674
-688
-634
-360
-648
-1235
-1888
-2388
-2833
-3400
-3784
-3836
-3860
-3719
-3354
-3294
-3359
-3505
-4047
-4683
-5137
-6288
-7356
-7536
-7722
-7858
-7594
-7306
-6848
-5866
-5367
-5555
-6451
-7751
-7808
-7168
-7264
-6882
-5675
-4218
-2249
67
1919
3141
3772
3569
3512
3501
2748
1732
479
-698
-1102
-1360
-2203
-3084
-3616
-3654
-3262
-2318
-817
876
2373
3958
5646
6803
7317
6988
6070
5434
5192
4279
3265
2732
2567
2196
1935
1745
1105
791
1051
1134
1527
2973
4125
4704
5696
6651
7005
7001
6411
5424
4513
3471
2311
1421
835
291
-44
26
568
1199
1684
2542
3457
4150
4929
5370
5138
5165
5029
4293
3862
3448
2615
2000
1777
1402
1271
1214
1029
1009
1065
990
941
659
-2
-918
-1990
-2656
-3366
-4460
-5373
-5599
-6071
-6266
-6094
-6295
-6363
-6513
-6943
-6690
-6192
-6239
-6133
-5747
-5686
-5609
-5426
-5922
-6779
-7960
-9132
-9265
-8766
-8420
-7623
-6352
-4683
-2509
-359
1031
2072
2850
2998
3113
3100
2740
1756
639
-48
-540
-1279
-2001
-2801
-3563
-3410
-2849
-2218
-1142
464
1973
3201
4636
6032
6875
6780
6667
6544
6137
5407
4210
3262
2872
2597
2231
2135
2169
2505
3176
3790
4165
4484
4548
4310
4768
5320
5151
4827
4489
4129
3763
3484
2962
2417
1928
1550
1444
1439
1130
690
464
477
655
786
997
1594
2378
3067
3734
4122
4380
4061
3607
3616
3316
2472
1714
1207
671
437
100
-509
-851
-1103
-1316
-1346
-1390
-1999
-2761
-3620
-4396
-4785
-5313
-6189
-6871
-6981
-6849
-6538
-6175
-5922
-5943
-5833
-5448
-5474
-5941
-6094
-6895
-8439
-8898
-8409
-8266
-8233
-7609
-6493
-4963
-2909
-733
916
2287
3265
3679
3829
3477
2574
1258
100
-531
-545
-654
-944
-1047
-961
-666
-605
-393
-154
-56
322
1083
2058
2841
3438
3865
4361
4778
4810
4502
3997
3331
2584
1900
1168
941
920
891
1389
2578
3788
4812
6082
7173
7499
7603
7304
6300
5158
3868
2474
1258
690
317
155
558
1120
1508
1835
2312
2632
2688
2702
2741
2595
2430
2557
2369
1858
1455
1543
1756
1821
1715
1834
2546
3084
3158
2980
2973
2647
1975
1641
1651
1492
1097
557
196
239
-524
-2228
-3482
-4539
-5892
-6651
-6966
-7669
-7787
-7460
-7272
-6550
-5751
-5771
-5826
-5625
-6185
-7408
-7886
-7990
-8412
-8613
-8409
-7828
-6796
-5363
-4171
-3040
-1707
-715
-231
125
243
-182
-667
-1127
-1280
-987
-1000
-1082
-938
-700
-686
-583
-455
-370
146
757
1339
1933
2594
2713
2524
2531
2532
2126
1489
1443
1597
1823
2205
2273
2068
2235
2468
2299
2549
2869
2601
3074
4677
5461
5277
5369
5265
4901
5054
4741
3816
3631
3537
3213
3520
3677
2927
2651
2976
3175
3451
3683
3396
3228
3380
3301
3090
2255
1262
1176
1546
1349
1065
1125
1467
2569
3522
3504
3615
4036
3626
3401
3630
3308
2804
2496
2203
1464
540
-522
-1750
-2829
-3394
-4211
-5343
-5650
-5933
-6165
-5813
-5412
-5566
-5521
-5413
-5850
-6693
-7770
-8471
-8453
-8319
-8306
-7620
-6735
-5811
-4782
-3697
-2709
-2036
-1805
-1824
-1693
-1948
-2506
-3160
-3808
-3704
-2976
-2506
-2030
-1328
-746
-397
-55
104
191
733
1478
2076
2921
3754
3934
3770
3647
2983
1947
1627
1132
295
291
581
418
543
612
464
987
1659
1839
2563
3510
3819
4119
4347
4177
3736
3075
2459
2324
2316
2239
2336
2504
2879
3402
3734
4036
4456
4648
4969
5168
5061
4821
4294
3514
2943
2287
1568
964
635
637
733
1251
1498
1283
1308
1565
1463
1320
1425
1557
1693
2232
2383
2082
1919
1330
728
343
-586
-1846
-2662
-3422
-4146
-4394
-4396
-4333
-4390
-4730
-4846
-5073
-6183
-7479
-8066
-7900
-7303
-7006
-6719
-5685
-4675
-3811
-2971
-2004
-1450
-1168
-959
-815
-798
-1867
-3072
-4026
-4852
-5280
-5465
-5649
-5147
-4150
-3296
-2097
-693
359
1280
2277
2914
3393
3926
3927
3912
3896
3248
2526
2452
2066
828
118
4
39
-2
203
645
1161
1587
1971
2840
3476
3867
4134
4181
4279
3857
2810
1950
1271
578
120
135
259
649
1443
2090
2855
3568
4312
5008
5712
6218
6511
6666
6138
5283
4679
4132
3102
2025
1479
1045
1113
1124
692
891
1239
1164
1535
2116
2169
2099
2270
1757
1064
649
-221
-816
-851
-1336
-1789
-1818
-2287
-2616
-2583
-2625
-2808
-2970
-3431
-3983
-4654
-6117
-7246
-7297
-7232
-7334
-6614
-5635
-4746
-3691
-2731
-2171
-1832
-1634
-1711
-1694
-1745
-2019
-2566
-3162
-3526
-3926
-4481
-5016
-5328
-5583
-5747
-5437
-4767
-4063
-3250
-2239
-1201
-186
760
1613
2500
3385
4062
4171
3623
3019
3003
2358
1186
663
450
231
22
414
1160
1722
2193
2450
2998
3556
3876
3855
3914
3855
3262
2733
2054
1096
182
-518
-885
-856
-631
-376
322
974
1443
2370
3336
4122
4927
5800
6206
6455
6483
5908
5263
4682
3822
3144
3094
2555
2080
2039
1746
1649
2322
2824
2950
3727
4162
3726
3396
2773
1810
1135
154
-956
-1495
-2185
-2646
-2749
-3031
-3110
-3110
-3356
-3487
-3785
-4831
-5326
-4912
-5057
-5310
-4998
-4541
-4140
-3222
-2335
-1925
-1783
-1917
-1909
-1993
-2352
-2767
-3251
-3859
-4138
-4246
-4570
-4984
-5369
-5654
-5586
-5226
-4915
-4528
-4018
-3362
-2627
-1958
-1488
-1081
-350
267
904
1081
965
1464
1933
1897
1645
1402
1109
1203
1283
406
127
1135
1735
1856
2503
2850
2892
3641
3997
3673
3612
3328
2759
2564
1899
686
20
-290
-388
-279
-43
65
603
1279
1734
2071
2413
3109
3834
4197
4176
4136
4073
3848
3520
3148
3100
3287
3248
3376
3475
3518
3653
3865
4057
3710
3547
3502
3140
2792
2707
2202
1203
692
46
-933
-1547
-1831
-2244
-2399
-2695
-3396
-4347
-5218
-5708
-5658
-5415
-5339
-4838
-4218
-3470
-2381
-1690
-1422
-1108
-984
-1210
-1368
-1637
-2498
-3220
-3705
-4038
-4152
-4315
-4599
-4631
-4564
-4574
-4192
-3707
-3254
-2694
-2008
-1569
-1317
-1105
-1136
-1042
-821
-403
-91
-113
111
571
616
520
470
404
485
714
848
643
787
1633
2425
2541
2339
2273
2516
2896
3129
2920
2732
2818
2882
2498
1901
1256
613
306
462
601
463
730
1276
1597
1723
1771
1533
1715
2030
2150
2178
2082
2035
2102
2019
1680
1264
1028
993
1090
1425
1718
2012
2343
2816
3040
3009
2890
2827
2977
2999
2679
2129
1744
1322
683
311
-138
-772
-1439
-2157
-3122
-4039
-4449
-4403
-3968
-3732
-3321
-2610
-1664
-850
-401
-271
-164
-35
-337
-720
-1141
-1791
-2718
-3518
-3984
-4190
-4251
-4301
-4175
-3952
-3618
-3357
-3097
-2752
-2557
-2288
-2024
-1833
-1493
-1130
-821
-778
-591
-283
-470
-886
-883
-324
-56
-133
107
554
935
1043
932
1268
1988
2319
2120
2299
2778
2882
2687
2326
1742
1448
1520
1305
1124
1115
1166
1453
1668
1590
1534
1470
1339
1282
1425
1391
1245
1353
1489
1590
1456
1341
1429
1490
1466
1188
987
856
614
267
83
224
491
456
121
-144
-429
-543
-429
-289
-112
206
461
561
634
541
434
378
369
413
680
777
481
68
-518
-1023
-1584
-1995
-2253
-2244
-1785
-1375
-1072
-652
-516
-560
-452
-344
-502
-712
-917
-1328
-1723
-2147
-2580
-2990
-3155
-3181
-3020
-2630
-2099
-1638
-1049
-669
-428
8
306
563
807
634
329
228
165
-106
-257
-502
-757
-674
-497
-497
-591
-391
-385
-285
182
692
939
1139
1240
1171
1176
946
699
551
679
949
1167
1374
1401
1384
1375
1353
1352
1552
1648
1728
1862
1968
1823
1619
1526
1312
1044
1099
1296
1558
1787
1669
1489
1348
1253
901
641
420
367
575
640
597
596
307
-104
-305
-338
-439
-547
-490
-507
-499
-577
-831
-1102
-1498
-1878
-1909
-1775
-1743
-1844
-1931
-2080
-2390
-2390
-2378
-2690
-3122
-3358
-3473
-3537
-3480
-3434
-3211
-2920
-2391
-1644
-749
-50
403
644
758
920
923
648
415
380
600
823
969
1032
1018
1055
1297
1606
1685
1758
2039
2260
2364
2182
1765
1391
1030
812
658
560
551
523
269
24
-262
-468
-235
44
469
812
1243
1594
1760
1905
1841
1658
1614
1631
1598
1691
1428
950
660
388
115
17
68
184
165
413
529
516
553
456
424
429
443
327
277
209
-39
-259
-392
-650
-787
-881
-1067
-1133
-1305
-1507
-1425
-1360
-1375
-1136
-909
-751
-730
-1061
-1642
-2261
-2483
-2891
-3329
-3706
-4181
-4432
-4382
-3901
-3677
-3752
-3618
-3195
-2635
-1896
-1295
-1076
-732
-252
227
542
587
578
650
850
1288
1785
2034
2184
2476
2596
2595
2641
2506
2429
2336
2243
2292
2268
2233
2050
1747
1636
1666
1538
1322
1173
897
506
653
860
640
507
643
725
814
1092
1185
1138
1232
1324
1512
1737
1637
1452
1378
1346
1359
1453
1337
1110
1041
985
680
380
94
-311
-569
-781
-947
-925
-898
-926
-794
-673
-565
-306
68
161
349
551
539
487
191
8
-95
-319
-277
-256
-430
-603
-641
-770
-891
-840
-1021
-1352
-1476
-1884
-2265
-2378
-2426
-2419
-2697
-2966
-3289
-3388
-3451
-3753
-4262
-4893
-5234
-5367
-5259
-5151
-4916
-4626
-4215
-3235
-2336
-1523
-906
-272
264
765
1375
1743
1966
2153
2329
2371
2267
2076
1717
1463
1440
1376
1367
1575
1819
1995
2376
2929
3267
3437
3586
3836
4071
4214
4066
3766
3484
3143
2786
2505
2145
1681
1475
1502
1489
1624
1889
2103
2463
2706
2917
3058
2935
2749
2421
2211
1964
1570
1191
640
232
16
-257
-619
-879
-1065
-1271
-1401
-1409
-1291
-1332
-1532
-1379
-1084
-902
-691
-451
-267
-62
189
288
78
-15
-87
-350
-620
-754
-1005
-1329
-1427
-1632
-1842
-2022
-2338
-2517
-2423
-2407
-2619
-3058
-3670
-4254
-4395
-4538
-4901
-5301
-5363
-5203
-5077
-4985
-4972
-4952
-4984
-4724
-4152
-3874
-3718
-3423
-3094
-2699
-2149
-1569
-1105
-495
58
678
1187
1516
1512
1463
1558
1625
1613
1473
1466
1467
1365
1621
2189
2413
2614
3017
3384
3728
4300
4652
4591
4649
4713
4711
4758
4975
5024
5132
5232
5267
5217
4894
4457
4102
3716
3331
3135
2864
2580
2386
2392
2272
2196
2055
1871
1725
1623
1563
1405
1209
923
571
329
19
-370
-622
-841
-1116
-1191
-1073
-993
-915
-829
-616
-385
-258
-125
-60
-161
-245
-272
-459
-740
-920
-1114
-1542
-2071
-2686
-3311
-3749
-3896
-4205
-4772
-5025
-5078
-5121
-4991
-4667
-4655
-4720
-4592
-4235
-4147
-4293
-4420
-4687
-4811
-4836
-4660
-4475
-4297
-3949
-3437
-2839
-2244
-1757
-1403
-1251
-1158
-825
-604
-515
-363
-390
-298
-133
-34
35
-96
-178
-72
163
392
635
847
932
1210
1657
2154
2466
2770
3191
3637
4142
4572
4698
4703
4851
5078
5150
5215
5250
5141
5012
5009
5023
4919
4733
4619
4530
4426
4361
4112
3715
3208
2702
2231
1752
1339
984
758
709
746
783
759
655
626
755
937
1046
975
801
810
968
890
718
522
375
294
291
322
176
-57
-340
-620
-958
-1498
-1871
-2084
-2430
-3043
-3610
-4216
-4725
-4830
-4995
-5286
-5442
-5431
-5342
-5164
-5018
-5000
-5167
-5143
-4937
-4605
-4322
-4023
-3673
-3417
-3136
-2825
-2555
-2537
-2622
-2614
-2631
-2548
-2586
-2612
-2572
-2341
-2042
-1833
-1433
-1101
-842
-690
-531
-334
-245
-482
-587
-658
-749
-447
-74
78
147
506
1027
1455
2110
2653
2969
3568
4259
4848
5230
5315
5416
5444
5397
5435
5530
5535
5361
5359
5269
5120
4971
4790
4516
4341
4249
4179
4211
4244
4079
3930
3882
3668
3493
3077
2648
2216
1952
1656
1257
939
685
571
558
608
639
700
743
860
915
921
905
660
265
-109
-242
-466
-1003
-1678
-2353
-2892
-3274
-3364
-3436
-3829
-4081
-4175
-4205
-4263
-4512
-4880
-5260
-5184
-4895
-4800
-4881
-4862
-4663
-4505
-4239
-3919
-3663
-3401
-3043
-2858
-2837
-2919
-3166
-3497
-3542
-3459
-3332
-3045
-2802
-2560
-2474
-2459
-2461
-2337
-2190
-2151
-1892
-1548
-1190
-747
-411
-426
-442
-262
-90
11
241
427
465
586
798
860
840
1028
1340
1832
2347
2942
3508
3881
4186
4372
4576
4540
4510
4422
4131
3841
3612
3357
2935
2552
2297
2116
2101
2291
2503
2684
2828
3155
3496
3666
3922
4230
4395
4412
4357
4302
3997
3721
3393
2756
2309
1804
1315
733
218
15
-226
-531
-712
-769
-898
-719
-399
-354
-550
-684
-800
-1133
-1451
-1731
-2120
-2505
-2691
-2761
-2986
-3223
-3356
-3533
-3546
-3316
-3154
-2847
-2568
-2300
-2096
-1982
-2057
-2153
-2304
-2575
-2696
-2745
-2776
-2768
-2833
-3116
-3265
-3210
-3064
-3099
-2986
-2785
-2483
-2007
-1348
-818
-507
-35
458
821
1155
1430
1465
1284
1288
1279
1098
1026
749
606
499
328
283
303
191
140
299
468
727
1153
1380
1444
1527
1679
1865
1706
1524
1271
1031
816
633
427
147
-69
-187
-76
33
293
727
1196
1632
2150
2529
2789
3053
3246
3325
3205
2957
2769
2603
2405
2090
1630
1216
978
936
973
938
810
817
772
697
723
652
367
131
28
2
-8
-10
-167
-337
-414
-501
-528
-639
-760
-918
-856
-900
-974
-1175
-1510
-1776
-2014
-2214
-2447
-2586
-2852
-2969
-3085
-3016
-2961
-3047
-3066
-3030
-3036
-2951
-2578
-2500
-2448
-2225
-1899
-1630
-1310
-968
-880
-812
-490
-114
18
177
264
371
506
507
567
645
411
205
159
-70
-274
-390
-476
-790
-875
-707
-533
-546
-578
-487
-454
-200
137
185
181
254
407
490
672
747
755
928
1265
1550
1756
1918
2018
2049
2039
1903
1764
1807
1892
2019
2079
2101
1993
1880
1829
1787
1682
1563
1534
1536
1557
1553
1435
1322
1230
1361
1456
1721
2067
2288
2413
2419
2462
2248
2108
1838
1556
1288
1022
661
190
-99
-455
-785
-1075
-1270
-1409
-1359
-1307
-1306
-1320
-1354
-1342
-1297
-1293
-1399
-1412
-1610
-1787
-1826
-1952
-2103
-2197
-2160
-2016
-1704
-1301
-879
-507
-246
54
245
381
492
556
544
497
462
244
12
-332
-814
-1226
-1427
-1548
-1621
-1725
-1914
-1977
-1995
-2108
-2247
-2371
-2439
-2413
-2189
-1975
-1828
-1801
-1729
-1546
-1376
-1310
-1306
-1275
-1263
-1075
-940
-824
-873
-922
-838
-707
-559
-471
-471
-423
-386
-167
67
29
189
428
496
699
1051
1116
1284
1565
1807
1904
2036
2212
2216
2233
2272
2238
2212
2303
2474
2632
2798
3018
3095
3165
3122
2982
2925
2789
2648
2421
2117
1879
1526
1157
770
266
-223
-560
-714
-781
-764
-702
-673
-595
-439
-248
-203
-84
162
357
407
577
522
335
138
-134
-380
-582
-706
-703
-630
-509
-377
-268
-204
-217
-114
-82
-38
-67
-150
-261
-434
-722
-916
-1199
-1524
-1611
-1791
-1984
-2150
-2244
-2393
-2383
-2466
-2467
-2321
-2259
-2095
-2055
-2047
-2069
-2032
-2102
-2091
-2085
-2059
-1819
-1610
-1353
-1239
-1092
-913
-806
-691
-520
-265
-114
158
435
543
678
748
774
1021
1248
1476
1719
1987
2167
2445
2636
2658
2719
2787
2807
2819
2764
2580
2427
2288
2167
2005
1883
1763
1659
1670
1757
1784
1861
1879
1802
1789
1800
1671
1614
1589
1546
1443
1300
1142
988
752
560
380
116
-50
-195
-428
-657
-841
-1041
-1160
-1297
-1409
-1361
-1393
-1515
-1442
-1412
-1418
-1474
-1449
-1544
-1677
-1736
-1947
-1994
-2080
-2066
-2068
-1962
-1797
-1644
-1503
-1591
-1578
-1601
-1716
-1902
-1959
-1955
-1994
-1932
-1836
-1873
-1954
-1932
-1908
-1824
-1791
-1726
-1575
-1400
-1091
-833
-649
-474
-178
233
536
801
1043
1252
1399
1484
1513
1489
1366
1340
1390
1466
1365
1406
1432
1277
1332
1248
1173
1176
1254
1316
1334
1312
1306
1316
1204
1155
1005
817
737
656
624
732
714
795
918
1014
1236
1320
1464
1547
1623
1611
1653
1619
1584
1581
1376
1267
1044
702
467
139
-243
-482
-664
-674
-674
-705
-656
-730
-806
-850
-914
-1107
-1255
-1432
-1586
-1684
-1820
-1909
-2005
-2025
-1923
-1846
-1769
-1671
-1544
-1335
-1164
-1010
-908
-723
-573
-450
-215
-22
57
171
238
225
268
348
370
306
392
382
291
247
174
140
185
276
428
622
780
926
975
913
939
919
859
813
715
725
628
605
464
380
231
93
82
126
214
219
229
204
185
193
214
187
321
483
625
762
824
785
795
725
626
472
331
215
105
47
-132
-297
-597
-765
-776
-787
-780
-808
-817
-874
-882
-926
-1098
-1290
-1533
-1703
-1891
-2042
-2173
-2382
-2538
-2723
-2768
-2848
-2816
-2785
-2684
-2512
-2285
-2027
-1872
-1577
-1399
-1102
-705
-353
-64
43
314
472
580
794
836
972
1175
1515
1791
2022
2228
2427
2697
2897
3124
3302
3433
3480
3479
3353
3185
3060
2879
2756
2554
2323
2210
2052
1795
1557
1370
1232
1138
1188
1208
1160
1127
1095
985
915
846
788
874
915
1039
1070
993
879
711
370
154
-50
-220
-402
-490
-640
-880
-986
-1166
-1274
-1494
-1717
-1886
-2022
-2124
-2290
-2541
-2796
-3072
-3308
-3485
-3667
-3853
-4052
-4141
-4227
-4192
-4129
-4133
-4068
-3949
-3805
-3656
-3461
-3292
-3208
-3089
-2890
-2714
-2420
-2135
-1823
-1493
-1152
-820
-541
-244
-31
208
491
740
1002
1374
1671
2063
2388
2733
3036
3297
3626
3770
4005
4141
4264
4461
4454
4436
4420
4420
4455
4444
4387
4261
4208
4088
4009
3931
3885
3803
3621
3610
3478
3255
3106
2939
2672
2402
2166
1923
1669
1391
1149
875
541
230
-2
-238
-422
-621
-860
-1041
-1256
-1405
-1633
-1819
-1997
-2221
-2373
-2560
-2736
-2924
-3063
-3253
-3422
-3498
-3705
-3866
-3969
-4120
-4192
-4298
-4354
-4364
-4397
-4338
-4292
-4202
-4128
-4052
-4012
-3869
-3765
-3656
-3501
-3362
-3160
-3007
-2842
-2637
-2433
-2279
-1994
-1771
-1529
-1264
-911
-601
-273
49
352
666
949
1150
1388
1504
1557
1642
1668
1815
1946
2083
2311
2510
2771
3030
3313
3571
3812
3969
4079
4175
4210
4298
4165
4030
3891
3730
3492
3250
2995
2729
2566
2378
2208
2058
1876
1822
1655
1445
1342
1151
1003
844
790
666
505
507
322
157
43
-116
-312
-571
-791
-995
-1171
-1287
-1282
-1303
-1270
-1254
-1203
-1177
-1122
-1093
-1113
-1080
-1023
-904
-890
-793
-677
-666
-617
-521
-511
-470
-365
-171
-26
31
193
208
229
248
240
205
99
30
-120
-177
-272
-398
-529
-653
-745
-889
-945
-1071
-1096
-1179
-1254
-1236
-1266
-1286
-1297
-1336
-1411
-1344
-1346
-1346
-1352
-1361
-1382
-1415
-1461
-1574
-1581
-1665
-1726
-1739
-1780
-1914
-1952
-1929
-2051
-2054
-2073
-2085
-1978
-1847
-1724
-1542
-1324
-1109
-925
-756
-534
-296
-126
77
202
325
531
624
788
893
954
1151
1327
1396
1603
1801
1952
2220
2380
2501
2606
2747
2746
2718
2734
2673
2759
2849
2919
3045
3082
3134
3131
3149
3177
3177
3268
3291
3366
3451
3534
3576
3613
3549
3523
3340
3181
2974
2730
2521
2188
1909
1571
1192
870
481
113
-202
-511
-858
-1198
-1527
-1896
-2195
-2589
-3043
-3478
-3930
-4255
-4563
-4874
-5125
-5363
-5536
-5622
-5639
-5670
-5721
-5736
-5660
-5573
-5458
-5341
-5200
-4959
-4658
-4361
-3968
-3640
-3341
-3015
-2651
-2284
-1978
-1686
-1336
-1022
-789
-449
-198
134
438
806
1172
1554
1975
2343
2655
2953
3202
3442
3739
3978
4283
4566
4812
5091
5294
5379
5462
5416
5345
5360
5272
5222
5045
4869
4685
4465
4217
3910
3662
3301
3051
2833
2483
2188
1910
1571
1271
933
572
186
-125
-448
-721
-965
-1149
-1257
-1413
-1537
-1659
-1729
-1887
-2028
-2198
-2301
-2478
-2619
-2668
-2813
-2929
-2992
-3115
-3209
-3309
-3429
-3494
-3537
-3524
-3486
-3378
-3336
-3257
-3177
-3176
-3083
-3017
-2989
-2940
-2873
-2740
-2638
-2527
-2425
-2329
-2175
-1961
-1779
-1550
-1244
-943
-668
-420
-165
56
335
532
726
935
1142
1431
1655
1790
1901
2082
2237
2397
2571
2711
2886
2999
3061
3138
3144
3041
2949
2892
2743
2715
2676
2531
2466
2361
2211
2010
1787
1567
1325
1129
902
734
515
280
132
-2
-166
-333
-498
-672
-858
-996
-1145
-1294
-1384
-1535
-1648
-1702
-1845
-1934
-2027
-2095
-2012
-2010
-1990
-1888
-1817
-1771
-1677
-1672
-1521
-1351
-1155
-870
-680
-370
-78
186
411
694
933
1093
1408
1529
1680
1779
1846
1890
1888
1908
1861
1880
1921
1994
2058
2037
1958
1941
1955
1872
1821
1788
1682
1655
1576
1447
1225
1049
829
639
498
319
156
-23
-161
-313
-412
-607
-718
-780
-800
-801
-798
-816
-903
-907
-1042
-1203
-1385
-1583
-1749
-1904
-2029
-2173
-2326
-2470
-2613
-2652
-2657
-2643
-2528
-2440
-2299
-2115
-1994
-1848
-1733
-1719
-1589
-1491
-1412
-1308
-1221
-1191
-1118
-1064
-939
-821
-740
-546
-421
-103
206
481
688
885
1100
1291
1517
1739
1825
2014
2117
2183
2227
2164
2135
1921
1794
1659
1529
1413
1303
1229
1219
1187
1185
1204
1184
1227
1177
1062
968
885
788
656
538
454
350
260
157
41
-81
-173
-226
-284
-326
-342
-376
-350
-403
-444
-466
-576
-587
-601
-626
-691
-758
-860
-952
-1030
-1146
-1300
-1361
-1383
-1374
-1376
-1363
-1356
-1309
-1190
-1090
-951
-818
-635
-480
-348
-233
-173
-127
-98
-101
-120
-144
-99
-90
-88
-105
-148
-153
-106
4
124
300
481
651
806
981
1081
1219
1425
1491
1608
1730
1798
1863
1872
1827
1786
1795
1774
1745
1726
1693
1649
1617
1576
1512
1462
1389
1284
1156
973
829
576
346
111
-174
-475
-726
-924
-1203
-1377
-1583
-1714
-1861
-2067
-2159
-2342
-2376
-2418
-2396
-2307
-2202
-2035
-1901
-1734
-1591
-1483
-1353
-1269
-1144
-1031
-912
-729
-567
-381
-203
-58
120
256
457
636
792
956
1083
1194
1268
1374
1379
1385
1395
1343
1309
1272
1173
1119
1013
895
837
691
585
492
423
385
442
454
621
742
802
900
898
937
883
785
596
491
301
144
-17
-199
-284
-406
-555
-529
-580
-701
-749
-823
-953
-1035
-1083
-1254
-1264
-1332
-1348
-1286
-1340
-1349
-1419
-1461
-1524
-1577
-1596
-1662
-1691
-1747
-1698
-1713
-1722
-1724
-1691
-1635
-1588
-1595
-1561
-1385
-1280
-1185
-1109
-1011
-923
-836
-745
-654
-562
-471
-332
-188
31
246
440
693
872
1081
1294
1407
1565
1724
1847
1993
2149
2308
2480
2564
2704
2821
2914
2979
3005
3042
3023
2923
2864
2797
2614
2549
2448
2291
2241
2137
2051
2007
1881
1780
1631
1523
1412
1252
1047
910
753
533
359
129
-82
-317
-513
-631
-809
-925
-1096
-1216
-1301
-1447
-1570
-1688
-1781
-1788
-1824
-1863
-1860
-1972
-2033
-2088
-2164
-2174
-2268
-2339
-2336
-2379
-2403
-2366
-2314
-2275
-2252
-2187
-2096
-2072
-1978
-1890
-1783
-1678
-1579
-1472
-1393
-1276
-1171
-1080
-1016
-861
-771
-632
-451
-291
-78
134
327
524
675
776
884
1041
1122
1208
1247
1330
1427
1488
1541
1520
1560
1569
1625
1643
1640
1693
1712
1745
1735
1758
1752
1699
1639
1555
1495
1488
1396
1343
1234
1152
1089
966
819
705
559
391
260
109
-35
-105
-234
-414
-524
-659
-773
-874
-992
-1060
-1175
-1207
-1268
-1301
-1309
-1364
-1396
-1474
-1449
-1513
-1522
-1531
-1530
-1495
-1476
-1380
-1312
-1195
-1120
-923
-776
-662
-502
-402
-272
-184
-116
-51
40
193
318
448
580
708
834
914
973
961
992
1022
1113
1122
1173
1244
1318
1352
1390
1469
1473
1521
1527
1487
1466
1427
1382
1303
1223
1228
1170
1055
1013
919
806
729
651
554
413
326
196
80
-33
-147
-274
-467
-621
-739
-883
-939
-1026
-1114
-1176
-1244
-1337
-1410
-1390
-1422
-1422
-1418
-1356
-1308
-1254
-1206
-1287
-1274
-1269
-1300
-1317
-1332
-1341
-1363
-1352
-1339
-1341
-1386
-1337
-1360
-1293
-1223
-1140
-1018
-932
-772
-656
-535
-403
-318
-215
-100
-49
85
222
333
443
512
621
733
872
1021
1171
1316
1512
1692
1830
2003
2137
2264
2302
2392
2492
2472
2476
2451
2367
2222
2113
1945
1803
1691
1550
1389
1275
1161
1060
969
896
790
625
531
395
210
61
-89
-268
-482
-691
-871
-1037
-1240
-1403
-1520
-1606
-1650
-1607
-1609
-1568
-1590
-1627
-1576
-1581
-1512
-1460
-1395
-1362
-1305
-1262
-1250
-1192
-1155
-1107
-1086
-991
-919
-840
-723
-643
-591
-555
-561
-497
-452
-409
-363
-288
-214
-193
-161
-151
-116
-73
-8
-38
-15
-70
-12
39
4
-31
-77
-101
-127
-119
-149
-174
-187
-151
-72
13
109
160
231
286
370
449
494
539
552
556
618
657
675
677
651
685
658
694
710
665
731
719
727
748
748
713
688
676
624
643
545
459
403
337
261
197
146
28
31
-87
-116
-117
-152
-100
-116
1
51
184
256
316
426
425
493
574
539
616
650
665
740
686
735
798
824
847
906
949
987
1070
1074
1098
1038
954
856
733
609
496
404
234
163
52
-38
-130
-277
-343
-515
-628
-727
-779
-882
-1027
-1100
-1221
-1332
-1395
-1467
-1543
-1604
-1634
-1642
-1632
-1592
-1579
-1604
-1601
-1595
-1589
-1619
-1574
-1596
-1619
-1582
-1554
-1507
-1427
-1342
-1246
-1129
-1066
-954
-878
-807
-722
-657
-556
-435
-332
-225
-147
-35
56
165
267
369
519
576
712
775
874
993
1035
1120
1182
1298
1343
1428
1458
1477
1495
1415
1378
1386
1334
1321
1362
1339
1387
1371
1380
1390
1381
1365
1336
1307
1277
1290
1276
1292
1258
1222
1182
1149
1130
1053
953
818
700
575
459
330
223
169
53
-2
-77
-177
-303
-417
-525
-640
-756
-875
-949
-1119
-1209
-1305
-1441
-1527
-1594
-1586
-1625
-1594
-1533
-1537
-1492
-1529
-1544
-1556
-1571
-1570
-1555
-1558
-1563
-1569
-1578
-1553
-1536
-1505
-1483
-1490
-1376
-1303
-1229
-1124
-1022
-922
-814
-692
-563
-415
-285
-139
40
189
349
423
543
695
752
855
940
1028
1123
1229
1320
1424
1479
1551
1611
1677
1728
1732
1761
1761
1758
1742
1676
1603
1550
1485
1488
1462
1414
1450
1374
1297
1271
1165
1137
1034
947
896
821
803
767
731
679
677
669
642
578
563
489
363
301
222
166
65
-9
-138
-185
-256
-336
-465
-583
-620
-736
-797
-903
-1015
-1112
-1281
-1366
-1541
-1687
-1676
-1791
-1740
-1726
-1725
-1679
-1639
-1646
-1665
-1650
-1687
-1659
-1619
-1614
-1565
-1542
-1448
-1364
-1345
-1217
-1205
-1144
-1017
-971
-946
-865
-844
-791
-735
-716
-653
-574
-477
-433
-379
-300
-224
-120
-11
90
169
246
317
384
498
587
696
800
918
1007
1114
1211
1205
1290
1276
1305
1316
1373
1416
1413
1515
1513
1504
1509
1505
1459
1448
1408
1375
1332
1290
1266
1194
1155
1089
993
962
848
762
654
574
468
366
298
262
227
124
84
-12
-65
-164
-223
-192
-231
-286
-266
-262
-329
-332
-407
-471
-496
-552
-580
-584
-614
-594
-596
-600
-588
-576
-569
-543
-485
-430
-373
-357
-331
-285
-224
-210
-148
-105
-47
-3
-4
33
65
-9
15
13
-12
19
-30
25
40
77
63
84
123
120
143
119
125
64
37
17
22
-51
-65
-103
-106
-91
-116
-82
-98
21
19
75
110
129
187
188
228
250
241
197
164
118
105
61
-5
-27
-85
-190
-277
-358
-469
-581
-630
-743
-812
-905
-938
-989
-1090
-1104
-1156
-1178
-1178
-1186
-1178
-1176
-1135
-1127
-1093
-1118
-1106
-1045
-1016
-904
-803
-705
-588
-442
-319
-216
-84
2
71
206
270
319
347
413
488
566
690
771
832
900
944
896
875
789
814
738
711
720
670
695
643
635
590
546
527
552
545
541
535
518
489
530
509
549
519
547
555
511
580
560
525
510
522
453
493
518
531
553
561
535
525
514
473
464
481
477
456
481
457
409
345
301
194
209
272
211
267
291
265
275
261
222
172
128
135
116
37
-27
-117
-191
-223
-311
-397
-419
-436
-439
-502
-510
-555
-650
-688
-698
-757
-795
-795
-813
-817
-820
-801
-807
-699
-656
-623
-551
-492
-420
-415
-369
-323
-268
-214
-182
-127
-95
-73
-51
-73
-83
-136
-198
-217
-234
-249
-266
-316
-314
-306
-301
-332
-334
-383
-437
-487
-500
-570
-629
-626
-727
-686
-662
-691
-623
-515
-475
-384
-290
-231
-162
-95
-14
43
110
147
189
207
249
293
292
366
412
464
558
575
668
733
695
775
808
836
902
889
908
938
924
916
858
873
851
819
785
766
736
662
610
531
449
334
233
129
98
25
-9
-78
-199
-244
-354
-436
-561
-644
-695
-771
-762
-836
-837
-845
-792
-795
-740
-672
-662
-580
-550
-499
-490
-428
-382
-292
-227
-80
19
90
175
245
299
284
358
384
413
467
501
501
542
533
494
507
458
443
427
391
378
353
341
289
243
236
221
203
233
218
252
311
308
332
308
248
231
235
216
173
192
164
105
94
26
50
-36
-113
-107
-166
-205
-207
-228
-298
-296
-337
-306
-322
-346
-339
-366
-403
-411
-396
-379
-339
-296
-256
-255
-155
-133
-96
-50
-25
29
43
61
68
82
104
121
103
74
44
6
-47
-86
-169
-259
-257
-259
-267
-235
-225
-156
-153
-83
-20
-71
10
28
2
23
21
3
50
58
68
83
55
75
109
149
153
156
234
215
252
285
265
293
247
279
241
145
83
-7
-108
-216
-306
-412
-494
-525
-551
-587
-610
-606
-635
-634
-633
-661
-661
-688
-701
-730
-726
-729
-775
-749
-756
-760
-771
-760
-711
-662
-595
-548
-441
-373
-295
-185
-149
-60
-36
-21
37
28
108
138
269
372
418
522
539
620
643
695
743
752
786
833
937
946
1055
1053
1090
1137
1112
1200
1202
1213
1295
1334
1318
1308
1260
1205
1167
1140
1105
1055
1038
1005
965
936
827
767
687
614
539
469
448
405
333
281
244
176
134
56
-27
-106
-166
-214
-327
-386
-451
-513
-581
-656
-704
-774
-828
-843
-859
-868
-880
-896
-916
-991
-1012
-1045
-1108
-1146
-1174
-1171
-1198
-1196
-1176
-1173
-1133
-1147
-1113
-1065
-1029
-982
-960
-897
-836
-825
-743
-686
-681
-621
-575
-563
-514
-482
-452
-401
-381
-359
-282
-275
-207
-137
-77
-45
19
98
93
138
167
150
202
231
244
328
367
411
470
574
591
680
727
728
770
835
886
856
944
984
1019
1092
1131
1118
1142
1150
1075
1071
1016
962
921
883
830
815
755
734
697
599
569
473
397
335
280
163
59
-54
-121
-208
-285
-332
-382
-420
-435
-444
-479
-535
-553
-552
-586
-605
-579
-573
-580
-533
-551
-516
-475
-471
-425
-394
-374
-328
-303
-281
-299
-305
-307
-286
-239
-224
-138
-119
-65
-92
-131
-114
-201
-239
-255
-294
-304
-298
-354
-409
-415
-457
-499
-498
-517
-531
-480
-452
-429
-397
-420
-409
-381
-389
-350
-311
-262
-211
-178
-151
-107
-64
1
10
78
94
121
227
248
333
334
392
449
492
539
610
629
633
697
677
724
713
753
760
729
730
785
761
760
774
764
774
738
772
755
730
736
696
647
666
620
638
570
556
545
501
460
432
404
320
294
235
174
125
71
18
-6
-1
-24
-38
-27
-3
10
21
11
-22
-32
-55
-70
-114
-125
-134
-199
-222
-283
-348
-405
-437
-516
-535
-611
-690
-734
-820
-894
-973
-1061
-1142
-1173
-1228
-1237
-1263
-1305
-1331
-1371
-1425
-1437
-1461
-1467
-1416
-1360
-1310
-1251
-1184
-1113
-1028
-955
-875
-820
-711
-637
-576
-479
-486
-420
-367
-337
-235
-169
-87
34
120
227
339
384
499
610
690
737
776
843
844
906
945
955
1002
1028
1080
1094
1075
1175
1172
1147
1196
1155
1145
1184
1181
1192
1194
1214
1189
1129
1186
1106
1108
1119
1020
1060
1031
985
955
893
861
810
767
768
745
706
690
625
575
476
418
345
234
143
77
-12
-117
-205
-300
-365
-464
-553
-566
-585
-669
-662
-698
-738
-778
-851
-868
-924
-987
-1047
-1072
-1171
-1201
-1221
-1269
-1286
-1317
-1317
-1368
-1329
-1324
-1321
-1249
-1255
-1188
-1128
-1068
-1032
-982
-922
-845
-765
-728
-609
-556
-394
-295
-230
-122
-50
13
117
177
214
362
391
417
521
604
627
702
757
749
819
851
890
915
971
992
993
1005
962
946
956
971
968
955
947
919
855
816
741
684
664
649
613
584
575
500
432
355
315
244
153
133
100
111
79
28
-54
-111
-136
-171
-171
-214
-197
-178
-231
-254
-287
-400
-403
-461
-489
-485
-509
-494
-541
-578
-653
-716
-766
-786
-844
-840
-820
-819
-815
-784
-818
-791
-807
-794
-758
-774
-740
-708
-699
-700
-672
-643
-603
-614
-537
-521
-419
-338
-291
-195
-84
-36
40
118
135
202
243
290
338
359
389
399
396
390
399
395
354
427
421
443
483
453
455
490
503
510
538
543
567
608
585
587
564
570
561
539
535
488
501
503
520
517
496
547
548
518
486
478
452
465
462
408
455
431
402
367
330
245
185
178
112
80
49
58
-7
-22
-27
-88
-65
-78
-33
-27
-18
11
-18
-40
-45
-112
-156
-180
-241
-290
-368
-449
-484
-519
-598
-650
-690
-725
-711
-699
-730
-737
-762
-760
-737
-714
-717
-621
-593
-514
-450
-437
-345
-339
-286
-211
-146
-82
4
82
143
190
229
279
253
256
243
220
231
254
241
263
265
218
209
214
203
185
201
189
198
238
245
254
240
251
263
263
275
274
231
220
222
176
182
198
186
194
215
212
218
228
198
186
139
124
90
35
-7
-37
-51
-87
-103
-112
-145
-191
-180
-277
-265
-293
-284
-253
-278
-235
-276
-294
-282
-270
-256
-222
-234
-205
-207
-182
-186
-182
-162
-229
-214
-235
-244
-254
-293
-261
-319
-306
-325
-337
-332
-338
-272
-260
-222
-199
-174
-149
-180
-167
-187
-245
-208
-215
-205
-167
-183
-162
-139
-92
-72
-20
17
41
82
172
190
249
322
325
365
400
422
409
471
488
544
484
494
479
462
478
471
497
476
530
532
518
518
421
404
396
358
362
307
291
283
274
263
243
239
234
190
195
144
86
96
65
72
104
55
91
67
76
92
84
111
56
76
36
18
16
-18
-3
-38
-44
-34
-50
-76
-71
-76
-84
-87
-72
-39
-41
-56
-102
-99
-107
-106
-139
-98
-108
-139
-87
-147
-134
-178
-218
-248
-290
-299
-332
-350
-358
-339
-405
-408
-439
-462
-430
-495
-484
-493
-534
-533
-544
-550
-582
-579
-605
-591
-557
-546
-540
-511
-502
-509
-476
-534
-466
-484
-515
-480
-462
-454
-448
-407
-412
-356
-323
-279
-250
-201
-167
-143
-101
-59
2
16
64
102
172
180
249
298
328
404
433
499
610
642
677
778
813
876
935
959
1005
986
993
991
972
966
973
945
899
919
924
897
886
872
862
812
762
751
680
681
611
598
617
570
601
593
567
591
557
579
542
563
521
427
408
321
288
252
193
199
153
75
-16
-79
-137
-223
-284
-349
-413
-478
-517
-572
-638
-674
-753
-820
-874
-913
-959
-1019
-1088
-1147
-1162
-1219
-1223
-1240
-1269
-1294
-1294
-1235
-1250
-1220
-1219
-1188
-1178
-1190
-1186
-1209
-1251
-1258
-1216
-1222
-1175
-1110
-1043
-916
-838
-737
-634
-589
-456
-358
-301
-160
-58
20
125
200
274
374
390
483
534
589
650
714
788
795
861
865
890
921
936
996
1021
1016
1062
1065
1070
1036
1025
985
960
949
937
921
926
920
853
873
830
807
748
727
710
695
706
707
702
686
691
668
669
655
633
639
607
603
577
526
498
451
360
329
247
158
120
38
-25
-93
-168
-212
-302
-404
-450
-502
-590
-604
-654
-737
-818
-863
-878
-970
-1035
-1067
-1151
-1165
-1132
-1143
-1151
-1089
-1098
-1054
-1028
-1027
-972
-1030
-1008
-1002
-1006
-965
-930
-911
-872
-838
-770
-757
-726
-626
-612
-561
-512
-474
-433
-379
-281
-256
-169
-90
-35
46
82
159
181
240
321
392
476
531
604
624
652
691
707
718
778
758
784
801
818
817
818
822
802
812
794
823
808
865
878
884
868
865
885
878
839
802
810
766
770
719
695
672
625
611
571
528
504
492
419
349
308
216
153
110
27
-41
-52
-117
-188
-173
-214
-264
-295
-317
-339
-370
-428
-444
-477
-511
-520
-568
-577
-645
-612
-634
-659
-653
-670
-662
-661
-670
-654
-652
-662
-632
-628
-570
-548
-529
-516
-536
-535
-552
-541
-590
-596
-604
-643
-651
-646
-670
-699
-659
-666
-660
-635
-612
-590
-581
-539
-561
-525
-511
-474
-444
-427
-367
-341
-287
-289
-186
-168
-121
-26
22
89
155
246
303
394
443
530
596
627
688
753
765
774
828
835
875
908
929
971
993
1057
1102
1161
1211
1267
1314
1330
1343
1360
1397
1385
1425
1438
1420
1397
1366
1332
1289
1225
1167
1104
1053
963
914
815
763
718
643
588
476
441
347
282
209
152
73
-9
-85
-194
-257
-377
-478
-560
-648
-702
-808
-873
-970
-1019
-1094
-1187
-1231
-1280
-1331
-1380
-1428
-1501
-1555
-1554
-1615
-1649
-1616
-1661
-1638
-1653
-1648
-1679
-1694
-1727
-1760
-1731
-1694
-1651
-1621
-1577
-1546
-1487
-1419
-1379
-1298
-1216
-1110
-1020
-927
-808
-705
-683
-589
-513
-422
-295
-232
-65
64
245
367
489
620
723
836
942
1049
1119
1221
1277
1296
1335
1331
1349
1381
1404
1445
1458
1505
1478
1507
1497
1452
1439
1430
1426
1388
1370
1350
1301
1233
1177
1115
1091
1049
1027
958
937
909
827
760
660
618
573
509
458
401
337
227
156
93
-21
-118
-189
-314
-360
-452
-512
-566
-606
-646
-690
-642
-716
-731
-708
-785
-746
-745
-800
-793
-790
-832
-856
-834
-820
-799
-807
-751
-705
-697
-605
-578
-588
-529
-535
-517
-470
-468
-420
-396
-363
-335
-287
-241
-230
-173
-142
-71
-2
55
151
209
272
305
350
367
379
389
411
437
448
444
464
468
465
456
439
444
455
436
434
413
394
337
296
302
258
292
262
237
190
179
156
80
72
18
-20
-46
-65
-105
-136
-130
-210
-241
-242
-287
-302
-338
-371
-331
-351
-368
-376
-392
-388
-411
-395
-374
-353
-347
-290
-283
-290
-268
-271
-285
-289
-276
-273
-220
-221
-177
-144
-134
-89
-59
-18
35
84
145
143
240
261
254
272
241
268
230
278
281
271
279
339
336
327
399
358
381
406
368
377
332
298
264
237
209
187
166
123
93
106
61
36
5
-47
-39
-104
-91
-122
-174
-140
-147
-171
-177
-141
-186
-180
-209
-222
-212
-250
-259
-257
-227
-241
-212
-195
-207
-162
-165
-182
-172
-179
-170
-176
-159
-143
-143
-96
-102
-56
-18
-19
17
46
57
60
87
84
67
86
113
56
119
103
66
52
77
95
98
95
81
93
77
48
58
57
82
81
85
131
124
152
156
151
118
97
79
43
85
119
102
130
157
149
172
198
197
231
234
181
169
127
123
101
90
111
107
118
108
85
92
51
35
9
-23
25
1
-7
-12
-30
-38
-56
-61
-60
-45
-57
-37
-18
-7
-6
-37
-37
-47
-42
-56
-65
-66
-38
-63
-85
-70
-118
-127
-186
-220
-235
-229
-251
-268
-241
-233
-157
-144
-126
-150
-159
-174
-216
-220
-261
-278
-301
-284
-289
-279
-236
-231
-243
-203
-143
-114
-43
-22
-16
46
92
98
122
125
135
189
183
212
214
230
268
240
294
253
293
256
241
258
226
242
225
210
207
244
199
218
169
135
89
46
19
-12
-45
-65
-42
-88
-75
-102
-132
-113
-143
-178
-170
-197
-235
-179
-210
-217
-198
-221
-232
-264
-278
-285
-275
-278
-262
-293
-241
-267
-319
-314
-339
-339
-314
-288
-290
-241
-235
-201
-193
-187
-191
-188
-141
-123
-136
-105
-89
-123
-80
-78
-73
-11
31
78
122
143
204
215
212
225
219
237
280
320
333
358
399
425
460
477
508
565
583
633
668
703
749
786
814
811
811
818
793
776
781
761
752
707
696
606
584
513
474
440
357
343
276
186
116
50
-51
-114
-200
-311
-324
-357
-414
-389
-465
-470
-511
-516
-542
-516
-495
-553
-519
-575
-571
-620
-587
-582
-591
-583
-593
-583
-590
-579
-632
-642
-683
-687
-703
-701
-688
-709
-661
-646
-660
-616
-626
-592
-528
-495
-460
-439
-397
-385
-341
-330
-293
-227
-186
-139
-78
-14
47
95
136
152
167
209
244
295
285
346
401
388
457
454
494
533
576
622
692
703
699
727
691
675
671
652
624
647
649
666
645
640
657
664
664
635
615
563
496
451
397
319
260
238
176
141
93
65
48
-15
-62
-142
-127
-179
-203
-239
-235
-230
-260
-239
-280
-304
-328
-334
-401
-411
-422
-480
-476
-512
-493
-519
-496
-501
-510
-481
-489
-496
-488
-538
-562
-542
-610
-576
-614
-646
-633
-646
-633
-628
-600
-563
-540
-457
-430
-400
-358
-242
-211
-142
-62
-31
87
119
174
179
246
252
241
287
293
321
387
473
501
582
615
633
657
679
726
710
771
741
709
735
685
701
706
682
667
709
683
663
685
660
610
586
633
595
595
624
596
560
522
481
357
339
291
214
177
117
105
68
61
18
-2
-28
-49
-63
-102
-129
-156
-203
-217
-268
-348
-347
-429
-471
-466
-516
-532
-585
-608
-614
-646
-630
-611
-641
-640
-635
-657
-653
-683
-712
-718
-733
-777
-757
-729
-781
-739
-760
-790
-718
-741
-748
-709
-678
-691
-670
-658
-656
-630
-614
-610
-634
-567
-546
-513
-423
-404
-378
-310
-271
-240
-214
-145
-114
-52
32
59
154
180
219
249
269
292
339
385
401
440
464
511
556
563
599
637
622
665
663
684
669
691
669
661
701
723
741
750
778
759
762
762
713
724
684
620
629
586
550
554
526
518
474
494
490
419
455
407
392
407
398
362
368
316
308
282
284
251
239
261
238
238
219
209
170
161
112
102
46
51
12
-33
-17
-44
-70
-91
-89
-98
-115
-120
-152
-164
-176
-241
-228
-277
-287
-288
-305
-315
-348
-341
-322
-379
-409
-414
-434
-455
-507
-528
-570
-557
-570
-591
-619
-637
-638
-693
-697
-727
-706
-688
-703
-683
-695
-692
-654
-615
-556
-514
-456
-389
-391
-352
-340
-345
-341
-328
-314
-290
-235
-237
-218
-184
-175
-138
-132
-75
-19
3
56
76
110
155
175
230
276
298
341
383
385
426
458
431
486
495
517
540
574
571
584
595
606
616
625
619
579
625
591
569
574
562
559
525
503
453
413
355
297
253
193
151
110
96
57
27
16
-35
-72
-91
-122
-132
-115
-158
-162
-182
-207
-231
-314
-358
-371
-411
-399
-402
-391
-384
-394
-381
-379
-359
-377
-360
-350
-348
-333
-369
-365
-396
-390
-384
-411
-394
-380
-331
-296
-251
-238
-231
-237
-226
-192
-203
-166
-106
-80
-36
7
41
102
143
190
250
308
358
408
429
435
446
397
382
417
403
444
479
460
462
490
455
463
448
404
412
387
428
391
361
368
319
254
263
203
182
151
80
60
-28
-30
-125
-154
-218
-262
-283
-329
-341
-372
-378
-376
-359
-376
-328
-326
-317
-276
-265
-286
-228
-234
-183
-170
-153
-101
-102
-20
-35
3
20
41
45
59
58
76
82
91
122
139
133
153
159
116
128
163
166
166
204
190
165
160
117
99
93
57
63
79
88
76
70
49
26
-35
-13
-70
-84
-83
-146
-161
-195
-207
-269
-296
-341
-366
-409
-391
-392
-413
-367
-400
-404
-392
-402
-426
-401
-379
-359
-342
-307
-341
-311
-313
-286
-294
-282
-262
-260
-221
-213
-204
-208
-191
-181
-161
-127
-126
-73
-55
-17
38
54
111
133
172
225
269
289
344
375
349
368
366
384
410
409
444
471
508
536
549
609
618
642
675
669
721
729
737
765
742
731
711
662
693
670
689
709
691
738
704
685
643
595
561
470
433
360
314
261
180
144
74
10
-55
-124
-222
-303
-383
-447
-548
-571
-615
-649
-654
-701
-692
-750
-729
-738
-758
-751
-750
-723
-761
-759
-772
-794
-816
-846
-823
-811
-782
-768
-712
-686
-665
-619
-619
-553
-537
-502
-445
-427
-423
-399
-393
-323
-260
-218
-124
-74
-38
-29
24
12
23
56
68
106
135
190
219
242
270
300
324
373
365
426
436
481
483
495
532
528
549
537
533
567
583
558
609
572
559
568
526
507
481
428
418
385
368
340
326
279
231
233
181
160
121
71
92
49
-11
-14
-63
-113
-126
-143
-160
-174
-229
-231
-245
-298
-289
-300
-329
-322
-303
-325
-302
-345
-342
-340
-377
-322
-346
-311
-275
-247
-204
-226
-177
-171
-130
-81
-77
-14
19
23
46
58
31
41
4
7
-7
-20
-10
9
-26
-51
-41
-67
-54
-65
-53
-68
-47
-75
-88
-57
-81
-109
-103
-138
-143
-114
-99
-76
-51
-28
31
80
97
130
157
148
154
166
164
153
148
135
132
145
138
141
135
128
160
175
179
209
187
196
157
165
169
177
215
202
203
182
181
160
130
117
76
75
92
67
35
45
20
-2
-4
-15
-5
34
85
82
119
131
125
147
101
147
124
164
161
182
195
179
191
156
163
119
145
159
148
159
142
148
103
79
89
47
16
28
4
24
10
-40
-26
-64
-89
-67
-101
-107
-111
-128
-173
-193
-210
-243
-223
-257
-282
-254
-270
-244
-260
-261
-259
-296
-290
-327
-317
-306
-337
-328
-342
-364
-343
-328
-304
-296
-288
-284
-267
-272
-247
-247
-239
-213
-199
-209
-176
-211
-194
-188
-235
-208
-209
-170
-154
-152
-139
-110
-114
-70
-41
-35
15
85
82
129
122
94
103
81
77
85
103
120
87
84
87
78
49
28
8
-6
16
-19
-18
-37
-29
-29
-55
-40
-52
-32
-37
-37
-48
-42
-33
-22
-26
20
48
60
119
111
188
221
253
259
301
330
315
363
369
419
387
398
405
393
372
393
380
351
372
359
333
318
292
291
271
262
265
227
254
212
199
169
140
146
115
106
126
146
135
152
112
93
86
63
67
45
65
69
77
83
89
104
89
69
57
59
9
39
31
-15
-18
-47
-95
-98
-114
-141
-141
-174
-169
-184
-183
-202
-235
-228
-208
-220
-228
-243
-270
-279
-296
-283
-300
-304
-279
-283
-280
-286
-296
-309
-314
-276
-331
-316
-316
-316
-291
-322
-281
-283
-243
-206
-184
-152
-132
-110
-107
-96
-56
-43
-18
-37
-36
-28
-35
-35
12
19
42
90
105
114
138
155
95
143
126
141
133
130
157
149
150
145
179
143
148
148
135
145
144
178
130
144
108
80
90
61
54
41
42
54
50
5
16
-16
-26
-37
-65
-60
-80
-76
-96
-130
-122
-145
-128
-153
-155
-130
-150
-152
-124
-127
-97
-59
-62
-29
-3
38
40
54
89
80
90
107
111
149
137
163
136
162
141
126
167
126
134
142
161
136
148
146
148
161
132
157
151
169
187
161
167
147
132
139
107
108
109
77
99
93
87
61
52
23
39
22
-19
18
2
-27
-11
-14
-71
-120
-138
-184
-206
-234
-264
-299
-276
-283
-286
-276
-245
-219
-266
-255
-271
-280
-272
-255
-258
-244
-233
-243
-255
-229
-226
-214
-179
-182
-106
-90
-64
-25
-46
5
-6
-30
44
30
33
71
76
128
146
174
245
245
339
372
399
444
443
437
428
459
458
448
444
471
469
464
489
426
415
410
358
343
295
266
199
171
111
72
58
-23
-42
-78
-124
-137
-144
-176
-195
-261
-238
-290
-348
-349
-386
-411
-432
-429
-463
-443
-446
-451
-435
-486
-448
-469
-447
-474
-485
-481
-505
-479
-481
-459
-492
-456
-454
-450
-461
-461
-426
-448
-381
-387
-364
-295
-304
-284
-264
-242
-238
-179
-129
-90
-68
-29
-10
15
59
84
104
154
199
206
249
266
272
327
345
368
448
481
482
535
532
535
584
558
587
585
575
575
555
519
487
507
472
505
476
465
531
511
522
524
496
471
450
433
373
331
283
243
221
213
179
161
150
142
114
110
105
115
117
105
104
113
134
152
156
128
122
124
130
114
150
169
163
196
208
189
184
173
123
84
88
62
56
65
26
52
28
-16
-15
-74
-91
-112
-156
-147
-194
-254
-273
-294
-328
-292
-359
-325
-331
-347
-324
-345
-346
-366
-364
-401
-411
-416
-437
-450
-437
-489
-486
-502
-547
-549
-564
-602
-623
-630
-669
-697
-688
-700
-694
-709
-708
-690
-723
-701
-675
-685
-668
-615
-623
-580
-551
-528
-545
-510
-469
-460
-406
-398
-347
-358
-313
-265
-246
-153
-134
-66
-10
45
69
134
194
207
256
298
311
334
381
426
461
494
521
556
592
637
682
738
780
798
824
831
838
836
846
814
825
849
823
856
832
860
852
844
855
843
874
885
878
868
835
747
695
663
611
573
522
486
402
372
311
229
179
94
40
-4
-80
-110
-168
-259
-323
-378
-429
-481
-570
-573
-595
-626
-624
-671
-684
-691
-700
-700
-698
-699
-698
-681
-682
-693
-690
-697
-699
-693
-665
-645
-604
-576
-571
-580
-550
-538
-521
-471
-477
-387
-328
-307
-258
-238
