SAMPLES:	12157
BITSPERSAMPLE:	16
CHANNELS:	1
SAMPLERATE:	16000
NORMALIZED:	FALSE
258
241
246
259
257
241
254
239
216
262
233
227
207
209
183
157
157
82
62
53
29
-3
-4
-41
-39
-14
-13
-39
-13
-3
2
13
5
0
-10
-2
-33
21
16
6
28
29
20
44
77
71
88
138
117
99
119
93
78
87
75
83
71
74
93
53
44
18
2
-58
-71
-57
-113
-116
-141
-159
-157
-126
-140
-130
-128
-120
-104
-100
-141
-148
-143
-166
-142
-164
-180
-166
-189
-222
-198
-206
-240
-181
-209
-183
-180
-133
-154
-147
-134
-139
-133
-144
-138
-150
-164
-238
-217
-274
-290
-298
-344
-323
-366
-301
-309
-305
-269
-282
-235
-243
-207
-223
-189
-196
-174
-189
-213
-197
-235
-206
-233
-211
-196
-186
-129
-112
-83
-41
-25
-1
48
73
125
149
192
207
252
200
222
221
200
207
167
223
219
239
259
314
329
367
386
418
443
470
435
446
484
477
515
491
481
468
441
392
360
322
299
257
226
245
272
270
297
285
269
274
269
260
222
240
213
212
194
166
133
98
94
35
22
15
31
26
34
35
52
47
46
39
-9
25
10
-17
-10
-40
-88
-142
-173
-263
-269
-311
-359
-343
-335
-339
-338
-311
-350
-326
-331
-331
-300
-314
-278
-273
-276
-243
-271
-244
-263
-257
-219
-247
-211
-216
-211
-203
-172
-137
-135
-74
-85
-55
-38
-21
-8
-21
13
-16
-26
-40
-51
-57
-110
-90
-90
-49
-28
3
41
57
73
94
96
108
143
153
213
187
193
212
182
162
138
127
101
95
108
120
108
99
115
92
92
80
29
31
17
14
-12
11
-11
-32
-68
-77
-84
-108
-100
-131
-141
-126
-129
-133
-139
-137
-131
-111
-112
-131
-97
-107
-120
-114
-155
-175
-193
-249
-209
-224
-208
-174
-166
-104
-88
-49
-51
10
29
28
67
107
129
177
197
168
160
150
89
108
64
57
49
19
42
66
64
60
86
80
84
64
95
79
70
84
55
56
61
67
46
40
39
20
43
14
11
-2
23
29
15
33
55
60
30
60
12
9
21
-6
-11
-32
-50
-104
-120
-127
-116
-118
-60
-52
-27
-26
-14
9
5
61
88
134
158
203
251
211
196
165
135
92
101
78
90
108
105
91
106
123
112
130
118
166
209
225
208
227
179
154
134
110
127
76
95
98
59
45
32
3
11
13
5
13
12
-10
-8
15
9
-2
-14
-52
-77
-84
-144
-176
-216
-220
-209
-223
-172
-167
-185
-192
-223
-241
-228
-203
-196
-124
-101
-95
-88
-115
-164
-219
-235
-264
-257
-214
-198
-161
-148
-126
-127
-113
-104
-119
-88
-111
-62
-54
-29
-45
-50
-44
-69
-64
-72
-35
-31
-10
8
1
20
25
39
58
96
161
164
212
212
229
216
208
178
186
172
133
151
86
136
140
120
140
116
125
107
144
144
141
168
129
185
183
180
152
120
55
36
44
1
5
-11
14
2
16
0
-16
-41
-87
-130
-128
-142
-152
-124
-111
-95
-122
-134
-144
-156
-151
-155
-137
-142
-129
-83
-60
-93
-53
-48
-20
12
50
83
119
143
116
137
97
68
38
29
57
59
65
82
102
91
97
68
42
54
68
49
35
44
48
52
34
38
10
5
3
-28
-24
-92
-90
-98
-118
-95
-119
-114
-119
-136
-156
-161
-202
-195
-183
-189
-168
-160
-174
-201
-190
-201
-210
-219
-188
-196
-145
-131
-91
-100
-74
-62
-116
-50
-51
-5
18
50
82
101
136
111
112
145
150
224
225
255
270
268
294
274
291
286
296
295
311
314
316
284
268
206
147
136
74
77
42
29
27
30
61
37
50
13
-5
-28
-67
-82
-120
-147
-141
-156
-157
-166
-164
-132
-161
-178
-186
-209
-238
-207
-244
-248
-249
-271
-272
-294
-276
-268
-242
-236
-197
-183
-167
-200
-181
-195
-231
-223
-264
-248
-211
-192
-183
-166
-172
-151
-125
-137
-112
-56
-22
11
15
35
22
20
34
-13
23
30
67
105
177
196
248
269
271
302
298
299
280
340
312
354
364
336
335
319
350
306
291
268
243
276
263
241
246
239
214
240
220
197
188
193
185
194
216
192
191
178
150
127
84
46
66
44
58
67
64
111
117
108
135
104
130
123
107
112
82
87
79
73
22
-1
-2
-5
-21
29
38
66
104
107
148
168
154
146
119
92
82
25
0
-57
-93
-134
-186
-240
-277
-291
-265
-301
-294
-253
-266
-268
-264
-261
-286
-310
-304
-329
-327
-315
-355
-365
-355
-365
-345
-348
-378
-380
-410
-433
-435
-438
-427
-387
-395
-365
-378
-344
-350
-381
-347
-341
-346
-342
-283
-291
-287
-316
-315
-323
-317
-260
-209
-182
-112
-98
-68
-48
-43
-21
14
60
54
127
146
159
164
154
181
183
199
222
241
294
328
349
343
374
389
401
422
433
477
478
479
487
483
514
512
500
514
495
494
458
445
423
417
440
415
437
430
396
410
375
340
293
245
218
183
137
114
69
16
10
-29
-36
-45
-87
-85
-118
-154
-175
-191
-216
-257
-254
-249
-253
-257
-247
-268
-267
-224
-279
-259
-251
-248
-244
-259
-229
-258
-259
-268
-281
-273
-272
-239
-216
-192
-164
-174
-179
-162
-178
-193
-197
-196
-197
-195
-196
-209
-183
-179
-151
-154
-129
-103
-76
-54
-53
-13
-25
-5
8
-5
-17
-15
-56
-46
-43
-62
-13
2
2
50
64
38
44
44
31
59
69
107
127
152
171
164
153
156
160
137
145
145
170
169
204
171
189
145
138
136
142
200
197
217
269
267
267
280
230
212
217
165
165
170
169
161
199
165
188
206
177
218
200
200
176
146
119
88
51
4
-85
-70
-100
-122
-112
-139
-141
-121
-129
-181
-172
-193
-185
-195
-207
-215
-245
-225
-252
-228
-240
-270
-259
-261
-275
-263
-220
-234
-196
-195
-190
-198
-210
-204
-206
-189
-180
-153
-139
-99
-93
-107
-90
-142
-136
-161
-161
-153
-139
-128
-110
-91
-69
-61
-44
-42
-17
-8
29
37
34
113
66
98
117
132
140
192
205
243
276
311
336
321
356
322
337
311
325
309
311
315
291
302
231
227
185
157
155
123
174
188
184
194
223
177
151
167
176
203
230
232
266
299
284
306
263
276
251
228
245
230
205
219
209
159
171
151
118
81
54
30
-6
-55
-86
-119
-173
-186
-238
-312
-318
-363
-357
-345
-366
-356
-329
-356
-350
-410
-438
-447
-501
-455
-490
-479
-498
-517
-544
-579
-600
-647
-627
-634
-621
-589
-564
-544
-505
-535
-512
-510
-485
-441
-418
-378
-352
-286
-247
-204
-143
-151
-95
-79
-93
-40
-27
-17
45
86
102
173
173
178
186
196
203
198
220
196
216
235
195
209
191
155
193
162
219
245
272
326
318
325
293
295
286
253
263
263
263
278
312
275
283
280
262
271
276
299
295
332
343
362
368
320
324
332
321
333
330
332
325
394
381
383
366
341
321
292
314
283
314
325
335
342
348
349
302
307
307
258
268
217
210
155
126
90
6
-46
-96
-70
-97
-76
-68
-71
-56
-59
-60
-101
-126
-180
-216
-254
-311
-328
-378
-401
-424
-479
-485
-515
-505
-498
-455
-434
-429
-383
-370
-362
-368
-353
-331
-319
-271
-216
-190
-127
-112
-111
-135
-120
-134
-142
-151
-124
-113
-156
-106
-125
-105
-83
-62
-56
-37
9
-18
23
-16
-9
-44
-95
-65
-145
-156
-207
-210
-253
-266
-234
-302
-264
-250
-252
-238
-260
-272
-260
-264
-227
-206
-220
-193
-184
-213
-200
-207
-224
-250
-171
-139
-97
8
28
99
155
240
307
362
468
553
634
728
763
790
810
831
867
870
910
924
923
963
970
973
992
963
953
916
873
896
816
774
719
653
582
486
400
285
173
43
-71
-170
-336
-396
-549
-678
-816
-999
-1156
-1330
-1479
-1634
-1703
-1760
-1775
-1803
-1801
-1771
-1735
-1665
-1559
-1458
-1338
-1163
-1022
-871
-723
-575
-454
-289
-145
7
179
310
491
640
779
904
1008
1086
1164
1206
1264
1291
1317
1313
1339
1342
1288
1292
1277
1229
1188
1172
1137
1116
1091
1069
1050
989
962
944
887
843
797
700
636
570
532
497
444
402
307
235
98
-30
-169
-330
-487
-721
-958
-1220
-1507
-1731
-2004
-2223
-2439
-2627
-2696
-2743
-2711
-2670
-2602
-2498
-2365
-2196
-2011
-1823
-1612
-1419
-1243
-1013
-811
-629
-473
-331
-172
9
208
380
543
666
775
897
976
1038
1083
1128
1189
1236
1320
1318
1395
1419
1438
1515
1548
1616
1641
1669
1684
1693
1710
1783
1759
1753
1758
1741
1769
1757
1730
1710
1655
1576
1536
1462
1377
1298
1235
1134
1038
1008
964
934
912
826
795
738
617
523
433
315
198
98
-20
-117
-233
-329
-435
-556
-698
-846
-1080
-1280
-1496
-1717
-1943
-2298
-2636
-3038
-3387
-3697
-4005
-4239
-4420
-4519
-4492
-4383
-4174
-3910
-3607
-3305
-2957
-2550
-2185
-1777
-1456
-1156
-832
-589
-287
12
264
533
780
1053
1353
1661
1939
2187
2383
2568
2753
2836
2895
2890
2867
2878
2868
2872
2844
2778
2663
2547
2420
2303
2166
2044
1878
1763
1722
1610
1519
1399
1291
1192
1113
1083
1017
944
868
728
627
499
330
173
-39
-181
-306
-400
-438
-474
-479
-521
-506
-494
-501
-486
-480
-449
-420
-392
-329
-303
-337
-381
-475
-582
-727
-877
-1001
-1123
-1213
-1237
-1189
-1196
-1089
-981
-905
-776
-640
-500
-423
-375
-409
-449
-537
-735
-1027
-1397
-1824
-2218
-2563
-2800
-2985
-3116
-3068
-2958
-2740
-2435
-2046
-1674
-1344
-1019
-687
-349
-145
7
137
165
198
297
347
434
521
507
532
664
716
752
729
686
651
657
699
709
769
819
920
1061
1228
1390
1483
1552
1602
1696
1769
1810
1816
1780
1750
1681
1616
1540
1441
1316
1254
1153
1090
991
868
769
585
450
254
124
-37
-147
-218
-265
-297
-273
-292
-300
-267
-206
-141
-58
112
295
463
677
890
1024
1237
1366
1413
1491
1570
1653
1676
1725
1672
1627
1573
1467
1407
1297
1248
1235
1240
1296
1393
1427
1497
1483
1440
1362
1206
1008
690
348
-6
-384
-851
-1378
-1957
-2585
-3198
-3735
-4143
-4506
-4785
-4893
-4890
-4839
-4618
-4350
-4094
-3896
-3699
-3556
-3386
-3262
-3225
-3154
-3075
-2933
-2749
-2527
-2336
-2185
-2028
-1822
-1547
-1228
-924
-727
-457
-208
88
357
607
848
1077
1365
1699
2046
2364
2580
2764
2899
2983
3122
3156
3208
3209
3219
3221
3217
3166
2991
2826
2645
2490
2319
2184
2002
1805
1652
1474
1339
1167
1002
839
698
625
589
617
626
604
645
671
713
789
888
1023
1176
1381
1566
1784
1961
2170
2240
2286
2292
2219
2132
1980
1808
1622
1402
1171
1007
840
714
622
572
572
555
527
493
407
252
85
-114
-388
-674
-956
-1297
-1637
-1944
-2345
-2786
-3290
-3839
-4424
-4975
-5447
-5768
-6036
-6163
-6068
-5823
-5443
-5000
-4522
-4095
-3695
-3265
-2885
-2555
-2312
-2143
-2013
-1893
-1687
-1458
-1206
-915
-661
-355
31
440
900
1227
1523
1769
2072
2349
2576
2753
2881
2973
3014
3100
3131
3130
3074
2986
2892
2815
2703
2560
2328
2123
1943
1789
1733
1651
1538
1440
1359
1252
1137
943
734
497
254
63
-83
-229
-406
-525
-575
-556
-509
-385
-227
-32
227
499
770
991
1198
1377
1591
1742
1958
2187
2369
2578
2710
2810
2842
2790
2706
2534
2357
2209
2057
1900
1755
1646
1530
1485
1489
1510
1501
1483
1404
1253
1028
718
359
-34
-447
-781
-1087
-1433
-1779
-2127
-2486
-2865
-3351
-3868
-4417
-4974
-5442
-5831
-6165
-6401
-6462
-6452
-6218
-5861
-5481
-5042
-4613
-4164
-3727
-3257
-2897
-2561
-2233
-1996
-1675
-1386
-1056
-707
-412
-101
239
633
1051
1433
1736
1999
2261
2484
2665
2836
2942
3038
3099
3203
3336
3390
3419
3373
3270
3191
3083
2965
2720
2430
2149
1814
1555
1263
985
720
513
361
238
106
-24
-147
-253
-311
-280
-229
-165
-77
15
178
413
624
839
989
1187
1375
1581
1905
2145
2393
2644
2956
3277
3578
3854
3999
4114
4179
4151
4086
3945
3680
3356
2998
2645
2304
1990
1733
1481
1287
1181
1083
990
844
661
320
16
-327
-703
-1080
-1437
-1788
-2125
-2390
-2666
-2911
-3210
-3536
-3834
-4163
-4593
-5040
-5584
-6110
-6612
-6981
-7295
-7598
-7719
-7691
-7487
-7095
-6550
-5943
-5306
-4633
-3942
-3250
-2679
-2180
-1767
-1434
-1090
-695
-273
138
583
986
1439
1908
2387
2812
3098
3370
3602
3842
4042
4197
4312
4324
4404
4456
4493
4458
4292
4068
3783
3432
3106
2733
2342
2010
1716
1403
1207
1046
888
778
676
697
698
748
806
824
803
771
763
764
736
747
784
865
985
1132
1272
1398
1570
1757
2022
2243
2512
2761
2947
3140
3269
3352
3388
3340
3194
3039
2727
2429
2117
1686
1251
804
376
7
-275
-477
-652
-822
-934
-1057
-1150
-1195
-1286
-1409
-1589
-1800
-2014
-2216
-2462
-2644
-2806
-2944
-3058
-3176
-3306
-3448
-3534
-3694
-3910
-4211
-4522
-4869
-5259
-5590
-5882
-6060
-6203
-6186
-6015
-5689
-5213
-4628
-4039
-3400
-2716
-2002
-1305
-701
-80
438
955
1385
1798
2182
2477
2713
2870
3008
3160
3332
3431
3466
3433
3429
3448
3470
3393
3251
3107
2860
2636
2344
1981
1506
1051
627
190
-142
-549
-903
-1235
-1459
-1560
-1579
-1548
-1434
-1277
-1071
-822
-497
-214
93
374
661
959
1270
1653
1944
2280
2600
2914
3245
3593
3945
4231
4502
4767
4994
5221
5437
5604
5681
5720
5673
5560
5381
5042
4620
4079
3548
2957
2372
1725
1075
512
-5
-375
-692
-929
-1143
-1263
-1373
-1443
-1580
-1728
-1927
-2192
-2429
-2715
-2926
-3162
-3353
-3553
-3764
-3922
-4100
-4339
-4641
-4899
-5195
-5477
-5884
-6331
-6774
-7253
-7651
-7862
-7975
-8042
-7935
-7660
-7241
-6681
-6026
-5335
-4638
-3927
-3065
-2140
-1267
-435
340
1097
1844
2541
3247
3869
4376
4804
5142
5420
5679
5886
5992
5962
5963
5953
5898
5817
5657
5384
5024
4639
4150
3639
3024
2301
1555
841
173
-494
-1088
-1638
-2021
-2262
-2314
-2299
-2195
-1960
-1706
-1376
-990
-542
-189
256
588
949
1355
1706
2117
2394
2680
3009
3287
3548
3795
4053
4266
4446
4679
4827
4930
4964
4962
4870
4653
4352
3934
3476
2951
2333
1687
1035
372
-263
-909
-1424
-1869
-2235
-2509
-2753
-2812
-2831
-2795
-2717
-2628
-2598
-2615
-2607
-2601
-2716
-2835
-2976
-3168
-3368
-3612
-3832
-4127
-4462
-4860
-5249
-5535
-5859
-6294
-6712
-7059
-7404
-7637
-7701
-7610
-7374
-7036
-6474
-5684
-4859
-3860
-2785
-1772
-836
231
1372
2367
3308
4152
4832
5397
5913
6325
6662
6810
6885
6894
6864
6811
6724
6515
6166
5845
5500
5109
4592
4026
3402
2672
1906
1175
479
-310
-1119
-1861
-2574
-3145
-3649
-4011
-4214
-4313
-4230
-3938
-3471
-2966
-2436
-1864
-1295
-739
-139
412
908
1392
1806
2198
2649
2986
3258
3524
3756
3997
4205
4347
4412
4384
4257
4117
3859
3546
3187
2808
2526
2183
1889
1605
1306
997
692
424
205
67
-41
-54
-43
40
122
228
428
450
477
490
469
372
177
-112
-499
-918
-1451
-1998
-2558
-3118
-3654
-4200
-4639
-5102
-5701
-6296
-6788
-7163
-7655
-8226
-8644
-8930
-9157
-9161
-8882
-8449
-7962
-7154
-6070
-4873
-3488
-1913
-411
963
2352
3764
5034
5994
6805
7465
7769
7958
8043
7915
7680
7255
6845
6342
5796
5336
4738
4039
3348
2755
2090
1422
732
-37
-817
-1563
-2226
-2929
-3627
-4234
-4696
-4965
-4999
-4790
-4473
-4016
-3345
-2491
-1401
-262
798
1832
2763
3716
4535
5116
5465
5587
5545
5315
5016
4585
4087
3515
2920
2350
1932
1537
1198
868
618
482
375
366
364
480
502
617
837
1079
1326
1643
1947
2270
2674
3083
3446
3756
4003
4160
4216
4170
4039
3689
3199
2608
1886
1092
165
-804
-1874
-2982
-4066
-5133
-6186
-7145
-7986
-8710
-9199
-9594
-9842
-10170
-10401
-10276
-10006
-9895
-9808
-9422
-8906
-8316
-7402
-6260
-5081
-3793
-2239
-456
1300
3158
5077
6612
7774
8904
9895
10376
10361
10013
9391
8408
7270
6135
4856
3502
2170
998
-20
-889
-1610
-2338
-3015
-3521
-3719
-3890
-4129
-4246
-4329
-4394
-4219
-3946
-3654
-3294
-2812
-2200
-1417
-367
811
1836
2793
3908
5006
5920
6623
7032
7075
6806
6359
5760
4839
3677
2410
1107
-118
-1104
-1872
-2435
-2698
-2661
-2262
-1530
-713
216
1181
2150
3029
3878
4735
5451
5980
6381
6752
7116
7259
7238
7140
6895
6578
6217
5759
5127
4318
3363
2391
1308
165
-1073
-2259
-3466
-4686
-5802
-6836
-7837
-8673
-9407
-9992
-10293
-10357
-10202
-9935
-9520
-8859
-8198
-7766
-7583
-7263
-6703
-6496
-6762
-6852
-6781
-6747
-6517
-5776
-4755
-3799
-2397
-571
1215
2969
4906
6510
7362
7951
8604
8782
8217
7428
6460
5209
3920
2844
1957
1048
362
87
-26
159
707
1120
1296
1519
1871
1940
1723
1344
990
456
-174
-483
-559
-593
-514
-81
519
1316
2236
3096
3593
3837
4033
3930
3465
2782
1775
515
-730
-1778
-2651
-3281
-3654
-3649
-3336
-2626
-1531
-337
853
2064
3285
4358
5180
5836
6315
6499
6462
6486
6497
6422
6359
6329
6455
6493
6525
6473
6209
5837
5263
4551
3740
2717
1559
323
-845
-1909
-2892
-3694
-4384
-4839
-5085
-5213
-5210
-5228
-5399
-5581
-5794
-6054
-6363
-6580
-6840
-7147
-7278
-7215
-7303
-7842
-8245
-8177
-8185
-8767
-9290
-9178
-9084
-8882
-8039
-6715
-5372
-3766
-1557
631
2570
4630
6567
7544
8010
8436
8547
8008
6899
5853
4646
3359
2432
1745
1046
498
360
243
13
136
253
-99
-655
-891
-1092
-1686
-2115
-2209
-2224
-2204
-1620
-603
548
1654
2850
4037
4895
5784
6289
6172
5440
4499
3482
2105
597
-708
-2021
-3132
-3688
-3711
-3528
-3055
-2248
-1336
-248
875
2073
2883
3299
3750
4194
4410
4452
4753
4994
5154
5520
6218
6820
7077
7316
7462
7353
6879
6262
5436
4266
2962
1834
848
-95
-846
-1335
-1700
-1895
-1719
-1593
-1597
-1727
-2035
-2637
-3316
-4099
-5114
-6202
-7117
-7746
-8335
-8423
-8108
-7732
-7224
-6462
-5540
-5099
-5703
-6277
-6154
-6756
-8302
-9534
-9909
-10121
-9973
-8457
-6371
-4286
-1426
2035
4958
7295
9506
10862
10604
9601
8612
7154
4977
2766
1038
-253
-1109
-1099
-660
-223
685
1670
2265
2532
2670
2259
942
-577
-1553
-2306
-3110
-3127
-2303
-1049
634
2832
5229
7008
8267
8977
8729
7764
6423
4568
2028
-635
-2586
-3935
-4963
-5256
-4953
-4185
-3035
-1539
-74
910
1578
1821
1694
1362
1131
1024
773
837
1571
2719
3933
5334
6863
7862
8434
8759
8629
7686
6314
4749
3075
1460
290
-486
-959
-838
-412
286
992
1546
1959
1761
989
50
-962
-2303
-3819
-4837
-5566
-6304
-6539
-6375
-6369
-6410
-6274
-6180
-6385
-6714
-7051
-7475
-7920
-8453
-9595
-10865
-10751
-10093
-10324
-10615
-9590
-7995
-6502
-4305
-1642
454
2183
4502
6369
7180
7657
7972
7072
5216
4024
3328
2286
872
137
184
306
672
1359
1607
1190
877
684
-61
-689
-732
-868
-1016
-115
1576
3053
4428
6139
7707
8717
9269
9445
8760
7313
5642
3632
1540
-289
-1394
-2435
-3494
-3560
-3115
-2776
-2372
-1975
-1771
-1904
-1988
-1842
-1830
-1559
-906
46
1325
2970
4968
6689
7729
8379
8974
8726
7655
6429
5096
3481
2187
1673
1374
1461
1983
2845
3840
4523
5006
5127
4604
3604
2490
1469
434
-465
-867
-727
-531
-18
625
898
898
444
-600
-2213
-4056
-6011
-7997
-9891
-11281
-11999
-11899
-11234
-10139
-8503
-7075
-6835
-7177
-6649
-6083
-6950
-8809
-9521
-9132
-8405
-6450
-3375
-585
2014
5214
7848
8910
8949
8249
5758
2052
-917
-2804
-4475
-5887
-6068
-5048
-3419
-1170
1198
2605
3110
3096
2477
1222
106
-491
-1023
-1177
70
2400
4787
7227
9500
10887
11168
10994
9898
7253
4081
1195
-1498
-3994
-5109
-5165
-4874
-4018
-2432
-594
653
1245
1126
302
-711
-1578
-2477
-2895
-2588
-1361
464
2592
5064
7244
8444
8785
8502
7734
6185
4141
2350
790
15
272
1211
2588
4111
5713
7058
7789
7862
7076
5457
3599
1964
605
-253
-525
-402
205
1284
2316
3007
3061
2381
1127
-561
-2469
-4659
-6749
-8693
-10027
-10681
-10653
-10067
-9230
-8061
-6957
-5764
-4718
-4980
-6717
-8117
-8027
-8193
-9595
-10114
-9106
-7579
-5317
-1991
1003
2708
4292
5519
5389
4191
2940
1041
-1976
-4326
-4743
-4191
-3525
-2647
-1264
103
1189
2131
2150
1283
289
-475
-1211
-1153
45
1626
3011
4880
7343
9298
10390
10776
10156
8255
6106
4287
2217
-133
-1635
-2466
-2968
-2730
-1692
-906
-932
-990
-935
-1232
-1921
-2621
-3317
-3758
-3273
-1877
-200
1379
3256
4969
6067
6716
7166
6759
5276
3960
3199
2752
2369
2479
2919
3495
4432
5671
6532
6767
6686
6378
6070
5729
5357
4963
4340
3814
3585
3467
3297
2958
2452
1876
1500
1252
767
202
-487
-1323
-2102
-2980
-4160
-5715
-7237
-8607
-9779
-10451
-10655
-10537
-9936
-8774
-7175
-5696
-5922
-7110
-7365
-6814
-7310
-9026
-9811
-9368
-8296
-5946
-2777
-267
1633
3550
4600
4351
3539
2258
-278
-3351
-5185
-5434
-4716
-3880
-2699
-1473
-240
1068
1561
1080
308
-608
-1535
-1671
-601
1314
3171
5057
7108
8898
9999
10059
9138
7257
4761
2488
827
-651
-1793
-2234
-2361
-2261
-1536
-769
-767
-1303
-1750
-2245
-2437
-2325
-2305
-2032
-1087
512
2132
3374
4479
5217
5209
5062
4888
4540
3725
2927
2881
3167
3642
4437
5191
5811
6383
7206
7888
8058
8101
7814
7394
7183
6897
6391
5619
4900
4076
3283
2981
2726
2304
2100
2065
1949
1682
1066
73
-1300
-2999
-4710
-6363
-7821
-9098
-9955
-10023
-9907
-9116
-7895
-6858
-5986
-4985
-4256
-4825
-7159
-9491
-9688
-9248
-9973
-10535
-9287
-7224
-4338
-686
1858
2888
3642
3726
2544
985
-324
-1708
-3534
-4600
-4050
-2368
-653
120
117
-287
-662
-1218
-2346
-3130
-3098
-2610
-1349
1121
4280
7113
8970
9955
10321
10027
8804
6784
4597
2576
986
303
21
-70
5
-94
-674
-1677
-2060
-2380
-3342
-4133
-3929
-2936
-1812
-762
-34
681
1289
1610
1597
1618
1707
1591
1617
2063
2704
3210
3237
2966
2985
2920
2879
3037
3220
3665
4669
6018
7071
7923
8361
8085
7358
6427
5502
4312
3174
2496
2391
2473
2810
3188
3334
3239
2626
1815
942
-326
-1887
-3252
-4524
-5354
-5896
-6394
-6946
-7227
-7310
-7237
-6905
-6487
-5980
-5142
-4340
-4029
-4613
-7143
-9064
-8548
-8127
-9174
-9643
-8508
-6916
-3874
-233
1811
2662
3308
3208
2071
925
22
-1298
-2997
-3762
-3027
-1501
-308
-46
-989
-2019
-2486
-3039
-3387
-3145
-2344
-989
1118
3828
6579
8525
9020
8487
7805
6836
5344
3968
2668
1467
1015
835
315
-421
-1316
-2870
-4755
-5853
-6160
-6000
-5485
-4617
-2888
-433
1494
2122
2344
2420
2072
1525
1191
1283
1560
1933
2465
3244
3735
3819
3464
2837
2787
3212
3619
4154
5044
6226
7361
8223
8426
8302
7884
6867
6001
5436
5051
4663
4517
4474
4764
4962
4509
3641
2809
1993
789
149
-254
-858
-1206
-1295
-1837
-2436
-2849
-3822
-5046
-6042
-6606
-7070
-7194
-6741
-6048
-5097
-4057
-3375
-3551
-5671
-8616
-9659
-9024
-9187
-10295
-10214
-8812
-6591
-3237
-288
660
751
1240
1270
614
392
418
-387
-1739
-2021
-1258
-582
-708
-2138
-3845
-4630
-4112
-3132
-1670
306
2162
4159
6493
8403
9356
9137
7648
5864
4570
3866
3070
2191
1400
755
393
75
-955
-2350
-3793
-5495
-6730
-6800
-5764
-4685
-3991
-2975
-1220
567
1276
1289
1414
1348
1337
1884
2491
2815
3138
3083
2782
2369
1927
1318
675
496
1266
2598
3780
4986
6237
7256
7708
7803
7362
6337
5363
4582
3938
3685
3719
3848
3968
4171
4564
4738
4385
3832
3311
2619
1812
1366
891
-15
-982
-1703
-2380
-3022
-3648
-4223
-4588
-4829
-4795
-4276
-3791
-3456
-3065
-2690
-2638
-2950
-4803
-8576
-10905
-10067
-9165
-9802
-9640
-8249
-6477
-3611
-467
625
656
1164
1148
542
517
1205
1147
-72
-1164
-894
-15
229
-970
-2679
-3375
-2702
-1445
147
1938
3489
4639
5611
6675
7383
7420
6224
4620
3804
3615
3621
3277
2094
546
-373
-1449
-3096
-4548
-5690
-6996
-8232
-7959
-6244
-4646
-3703
-2838
-1405
184
1218
1759
2234
2562
2771
3318
4003
4080
4042
3627
2541
1443
834
516
49
-27
835
2061
3224
4551
5559
5987
6350
6483
5968
5689
5659
4917
4376
4527
4390
4352
4719
4648
4162
4095
3983
3513
3519
3304
2143
1541
1778
1216
315
-58
-912
-2134
-2518
-2460
-2942
-3398
-3633
-3713
-3559
-3217
-3034
-3311
-3984
-4451
-5166
-7793
-10805
-11044
-9654
-9565
-9899
-9031
-7530
-5754
-3464
-1668
-736
162
1036
1393
1749
2443
2748
2109
865
-71
15
352
-464
-1923
-2649
-2264
-1538
-460
1091
2250
2788
3302
4101
4791
5189
4939
3705
2984
2943
2950
2362
1439
326
-801
-1607
-2552
-3522
-4233
-4915
-6234
-7094
-6441
-5045
-4258
-3692
-2558
-942
702
2042
3117
3991
4449
4559
4656
4407
3918
2972
1406
-164
-970
-1141
-1197
-923
-80
1316
2570
3679
4486
4782
4941
5011
4848
4713
5032
5193
5197
5432
6127
6445
5998
5839
5907
5586
5056
4830
4677
3880
2426
1649
1255
644
101
-374
-956
-1668
-1782
-1657
-1872
-2482
-2878
-3096
-3450
-3544
-3247
-3226
-3698
-4070
-4675
-6997
-9979
-10759
-9393
-9118
-9967
-9398
-7702
-5686
-3411
-1389
-210
837
1676
1821
2245
3075
3485
2971
1946
1451
1895
2180
1074
-456
-1242
-1523
-1527
-865
110
1007
1530
2011
2453
2947
3826
3401
2460
2473
2738
2845
2534
2110
1441
585
-539
-1974
-2473
-3158
-4636
-5978
-6679
-6662
-6362
-5473
-4711
-3839
-2087
-162
1164
2592
4088
4450
4403
4380
3991
3143
2186
902
-424
-982
-967
-770
-435
63
757
1598
2250
2862
3514
4030
4566
5157
5716
6027
6184
6482
6467
5982
5465
5480
5700
5556
5530
5625
5171
4663
4573
3558
2018
918
27
-888
-1600
-1814
-2591
-3199
-3030
-2926
-3336
-3688
-3708
-3940
-4084
-3913
-3804
-4254
-5030
-6680
-9386
-10688
-9304
-7766
-8255
-8663
-7602
-5946
-4077
-2648
-1776
-1043
-128
937
2248
3344
3817
3515
2651
1948
1962
2006
837
-800
-1298
-961
-1021
-566
591
1328
1469
1764
1946
1996
2247
2199
2184
2604
3335
3510
3090
2522
2139
1595
196
-1177
-1713
-2048
-2989
-4032
-4986
-5591
-5710
-5474
-4556
-3242
-1921
-516
983
2004
2693
2841
2193
1751
1646
1263
1140
939
263
-420
-589
-471
-421
-358
87
1039
1959
2836
3479
3810
4225
4650
4780
5035
5435
5971
6501
6619
6772
7006
6678
6430
6923
6697
5781
5466
5264
4308
3488
2399
802
-111
-708
-1396
-1830
-2097
-2829
-3527
-3822
-4034
-4130
-4277
-4420
-4570
-4303
-3847
-3904
-4949
-7203
-9198
-9190
-7899
-7667
-8606
-8866
-8146
-6751
-4685
-2631
-1269
-384
440
1491
2411
2949
2774
1769
810
986
1838
1802
1150
874
974
742
556
1117
1605
1319
866
820
1233
1935
2552
2993
3496
4127
4156
3740
3386
2708
2039
1050
-390
-941
-588
-1321
-2765
-4029
-5280
-5374
-4203
-3412
-2845
-1425
-455
217
1355
1670
1065
730
814
918
984
790
494
-111
-1160
-1562
-1717
-1855
-1349
-401
616
1702
2260
2171
2548
2872
2899
3257
3583
3701
3936
4188
4652
4895
4641
4345
4466
4946
5607
5657
5068
4489
4035
3301
2073
944
83
-625
-1177
-1758
-2308
-2853
-3767
-4650
-4963
-4856
-4826
-4682
-4266
-3953
-3937
-4564
-6320
-8184
-8301
-7162
-6895
-7442
-7397
-6618
-5261
-3854
-2705
-1908
-1490
-1073
-852
-600
-285
-178
-277
-189
648
1709
2059
2019
2274
2661
2727
2655
2667
2554
2574
2818
2612
2138
2056
2288
2627
3098
3735
3849
3410
2745
1959
1254
1014
953
479
-196
-706
-1609
-2591
-2722
-2748
-3105
-3167
-2896
-2218
-1121
-217
-179
-375
-451
-115
488
883
1299
1221
918
1109
1249
749
290
-203
-457
37
784
1407
2229
2657
2582
2875
3278
3441
3498
3753
4001
4342
4705
4776
5290
5674
5575
5555
5959
6655
6668
6101
5460
4525
3569
2930
2052
881
-34
-804
-1845
-2704
-3247
-4033
-4822
-4919
-4670
-4148
-3732
-3717
-4246
-5238
-6274
-6608
-6137
-5931
-6544
-7123
-6946
-6260
-5532
-5043
-4943
-4696
-3872
-3399
-3421
-3308
-3358
-3451
-2979
-2070
-1125
-539
221
955
1375
1796
2301
2748
2990
3031
2791
2339
2107
2011
1778
1629
1646
1790
2080
2003
1603
1155
855
721
384
228
446
611
360
137
-120
-514
-795
-1119
-1716
-1991
-1898
-1681
-1493
-1343
-1490
-1633
-1528
-1449
-985
-440
-200
-191
-213
-322
-514
-471
-163
-68
7
383
1083
1795
2151
2317
2187
2216
2390
2731
3151
3277
3363
3321
3340
3498
4121
4901
5346
5470
5582
5663
5381
4601
3971
3530
2767
2145
1716
1035
119
-576
-1168
-2032
-2908
-3212
-3543
-3947
-3931
-3875
-3962
-4074
-4160
-4156
-4017
-3799
-4002
-4271
-4241
-4197
-3911
-3804
-3958
-4110
-4079
-3879
-3674
-3245
-3304
-3455
-3139
-2673
-2412
-1975
-1236
-491
729
2276
3506
4368
4978
5451
5944
5932
5407
4934
4592
3883
3284
3295
2700
1658
1255
1247
964
882
1153
1083
875
1106
1415
1536
1491
1398
1052
394
13
-252
-538
-715
-775
-863
-725
-866
-1306
-1765
-2136
-2464
-2622
-2583
-2502
-2084
-1769
-1706
-1773
-1807
-1531
-1141
-929
-610
-242
-135
102
445
534
681
997
1380
1786
2352
2731
2826
2770
2784
3023
3360
3865
4221
4073
3855
3725
3373
3022
2793
2566
2272
2185
2023
1373
377
-696
-1813
-3008
-4000
-4544
-4890
-4946
-4949
-4853
-4836
-5015
-5303
-5646
-5646
-5390
-5261
-5392
-5401
-5598
-5662
-5628
-5513
-5295
-5142
-4486
-3713
-3206
-2709
-2344
-2253
-2035
-1470
-657
141
1181
2406
3611
4609
5378
6075
6279
6257
5726
4926
4619
4300
3787
3402
3274
2815
2144
1848
1597
1199
1039
1109
1079
1327
1815
1914
1861
1912
2058
2046
1904
1950
1922
1929
1918
1391
794
504
210
-434
-798
-939
-1106
-1275
-1472
-1715
-1833
-1722
-1770
-1925
-1936
-1618
-1129
-810
-634
-390
-129
147
571
1157
1639
1934
1973
1833
1748
1635
1400
1511
1921
2354
2756
3248
3467
3237
2874
2282
1849
1853
2190
2092
1835
1632
956
-161
-1518
-2792
-3609
-3943
-4068
-4208
-4252
-4319
-4633
-4891
-5059
-5099
-5119
-5102
-4795
-4582
-4353
-4116
-4158
-4209
-4213
-3886
-3271
-2775
-2293
-1806
-1394
-908
-488
-437
-380
-66
281
866
1614
2478
3387
4359
5040
5425
5379
5083
4704
4187
3830
3658
3651
3392
3077
2934
2464
1740
1225
873
749
863
1154
1340
1586
1915
1859
1687
1562
1550
1611
1472
1183
1012
868
477
66
-367
-669
-966
-1593
-2140
-2370
-2636
-3094
-3605
-3849
-3919
-3742
-3352
-3238
-3040
-2530
-1966
-1526
-1216
-642
135
774
1291
1524
1659
1665
1477
1446
1394
1546
1643
1875
2173
2377
2343
2122
1908
1941
2199
2224
2349
2321
2085
1494
817
214
-540
-1308
-2025
-2700
-3326
-3713
-4106
-4746
-5255
-5360
-5346
-5398
-5310
-5120
-4890
-4917
-4780
-4461
-4267
-3864
-3432
-3100
-2788
-2528
-2148
-1833
-1474
-852
-238
325
629
678
728
888
1131
1380
1973
3124
4063
4598
5018
5302
5201
4906
4789
4515
4239
4041
3997
3777
3391
3161
2747
2305
2186
2474
2916
3390
3577
3572
3707
3529
3089
2702
2494
2175
1853
1689
1617
1487
1148
608
-39
-572
-911
-1337
-2117
-2915
-3448
-3733
-4134
-4491
-4615
-4497
-4266
-3830
-3269
-2808
-2367
-2079
-1708
-1054
-378
119
505
885
1122
1218
1288
1185
1043
965
865
693
454
367
205
92
133
232
563
580
213
90
171
-46
-458
-796
-1050
-1300
-1687
-2316
-2897
-3266
-3560
-3827
-3873
-3719
-3357
-3042
-2953
-2935
-3033
-2958
-2729
-2392
-1864
-1240
-812
-423
-148
36
213
361
621
862
1234
1598
1788
1728
1553
1387
1507
1892
2368
3067
3850
4463
4807
4849
4783
4572
4206
3888
3526
3361
3429
3560
3563
3375
3095
2796
2540
2525
2607
2625
2602
2482
2186
1826
1479
1113
624
385
205
-71
-286
-567
-886
-1383
-1907
-2454
-2939
-3572
-4154
-4486
-4743
-4960
-5035
-5087
-5238
-5207
-4922
-4620
-4408
-4152
-3781
-3424
-3006
-2457
-1924
-1496
-1027
-531
-181
-119
-248
-255
-262
-303
-451
-818
-1123
-1164
-1051
-905
-954
-906
-678
-443
-247
-71
103
261
358
107
-81
-26
-127
-553
-869
-893
-922
-928
-670
-503
-431
-320
-183
-103
-96
-12
29
58
273
695
985
1124
1196
1274
1336
1505
1882
2257
2575
2810
2932
3035
3050
3030
3054
3144
3367
3792
4385
4878
5064
5259
5114
4845
4447
4155
3876
3528
3539
3500
3627
3582
3418
3235
2930
2739
2511
2290
2020
1731
1410
937
595
161
-334
-820
-1057
-1261
-1687
-1939
-2248
-2651
-3106
-3646
-4017
-4433
-4740
-4910
-5140
-5269
-5322
-5322
-5407
-5621
-5841
-5844
-5600
-5299
-4990
-4723
-4529
-4282
-3916
-3383
-2890
-2430
-2002
-1575
-1163
-877
-679
-748
-1059
-1375
-1544
-1662
-1587
-1361
-1082
-663
-32
537
960
1259
1427
1451
1438
1444
1409
1368
1391
1558
1557
1533
1590
1392
1109
1127
1005
829
757
702
647
489
505
617
1002
1200
1295
1642
1899
2238
2561
2640
2728
3105
3536
3740
3842
3772
3655
3375
3170
3069
3056
3142
3319
3614
3933
4046
3812
3484
3059
2681
2258
1880
1776
1712
1695
1650
1579
1313
1074
882
618
370
202
80
-145
-461
-891
-1136
-1405
-1726
-1967
-2092
-2376
-2800
-3205
-3650
-4172
-4626
-4981
-5400
-5642
-5688
-5731
-5941
-6187
-6427
-6473
-6253
-6171
-6360
-6291
-6109
-5891
-5587
-5365
-4994
-4550
-3954
-3098
-2222
-1526
-958
-520
-305
-41
121
188
131
181
460
645
927
1282
1746
2058
2254
2511
2713
2894
2931
2950
3081
3251
3326
3241
3113
3018
2986
2886
2750
2563
2447
2598
2561
2440
2313
2233
2141
2181
2329
2455
2649
2879
3122
3353
3645
3768
3847
3937
4101
4185
4193
4121
3758
3316
2888
2504
2355
2327
2443
2517
2599
2569
2360
2097
1807
1595
1256
1171
1148
1175
1204
1051
923
760
586
458
372
290
49
-222
-467
-811
-1171
-1588
-2067
-2501
-2652
-2897
-3255
-3666
-4081
-4593
-5219
-5636
-5991
-6171
-6226
-6350
-6529
-6519
-6484
-6722
-6909
-6930
-6732
-6471
-6189
-6171
-6123
-5813
-5633
-5336
-5016
-4501
-3875
-3313
-2434
-1565
-1066
-686
-445
-172
117
316
397
440
621
942
1414
1715
2026
2415
2649
2811
2993
3264
3418
3472
3388
3565
3748
3841
3997
4081
4128
4274
4462
4378
4251
4199
3982
3727
3393
2998
2822
2650
2584
2570
2533
2564
2516
2469
2468
2501
2432
2257
2132
1908
1676
1409
1041
594
393
467
510
639
812
906
892
856
763
679
713
813
870
946
994
1074
1219
1267
1202
1219
1319
1223
1071
924
580
-139
-766
-1184
-1473
-1680
-1927
-2117
-2238
-2370
-2424
-2675
-3175
-3508
-3726
-4062
-4364
-4479
-4599
-4832
-5055
-5068
-4911
-4747
-4496
-4265
-4035
-3826
-3701
-3777
-3897
-3957
-3956
-3765
-3570
-3160
-2553
-2093
-1799
-1515
-1164
-919
-735
-420
-134
-1
132
362
558
837
1073
1380
1585
1886
2183
2422
2711
2896
3158
3330
3402
3410
3589
3614
3642
3699
3823
4004
4141
4165
3999
3858
3595
3288
2871
2470
2136
1919
1775
1692
1480
1258
1033
832
742
701
880
838
749
597
449
456
426
448
256
264
378
510
727
842
805
648
673
703
991
1169
1223
1219
1114
973
859
837
718
655
570
534
452
412
320
92
-210
-474
-477
-562
-716
-981
-1271
-1411
-1715
-1893
-1969
-2233
-2365
-2440
-2725
-3002
-3219
-3306
-3429
-3429
-3480
-3417
-3372
-3492
-3537
-3562
-3723
-3836
-3819
-3805
-3776
-3661
-3509
-3361
-3258
-3124
-3107
-3043
-2787
-2430
-2180
-1993
-1613
-1288
-824
-393
-23
313
656
909
1191
1328
1446
1582
1629
1800
1939
2096
2187
2244
2177
2171
2204
2084
1947
1910
1987
1885
1860
1825
1726
1623
1458
1175
1036
1010
897
826
764
563
455
464
341
364
456
531
584
692
834
940
1084
1144
1320
1519
1657
1831
2110
2278
2512
2669
2732
2798
2821
2914
2901
2828
2749
2748
2818
2967
3120
3224
3193
3113
2923
2716
2503
2326
2118
1824
1538
1344
1130
769
296
-195
-438
-640
-819
-1057
-1399
-1754
-2125
-2529
-2967
-3341
-3692
-3806
-3850
-3874
-3842
-3834
-3990
-4145
-4297
-4424
-4515
-4609
-4626
-4759
-4811
-4787
-4686
-4667
-4603
-4437
-4184
-3879
-3597
-3228
-2979
-2698
-2317
-1911
-1544
-1269
-858
-507
-155
128
315
517
726
879
914
949
928
889
912
907
1034
1303
1562
1756
1860
2030
2188
2297
2483
2590
2646
2643
2599
2588
2596
2668
2652
2729
2757
2836
2991
3144
3099
2986
2968
2866
2949
3011
3086
3058
3039
2974
2978
3002
3051
3163
3223
3263
3212
3134
2813
2471
2261
2023
1755
1608
1596
1613
1538
1394
1162
827
485
208
49
-221
-378
-554
-869
-1178
-1533
-1752
-2151
-2482
-2789
-2979
-3153
-3408
-3667
-4036
-4443
-4848
-5179
-5437
-5685
-5849
-5862
-5911
-5952
-5947
-5862
-5955
-5943
-5828
-5692
-5555
-5366
-5142
-4949
-4688
-4470
-4229
-3984
-3734
-3422
-3121
-2779
-2377
-1854
-1363
-869
-376
59
451
722
993
1226
1353
1716
2065
2460
2832
3092
3366
3569
3847
4049
4212
4308
4457
4687
4882
5004
5167
5195
5363
5474
5568
5571
5394
5317
5168
5000
4939
4882
4734
4512
4287
3937
3520
3139
2736
2405
2182
2177
2155
1967
1745
1446
1142
881
738
622
554
545
446
409
270
74
-204
-454
-606
-673
-749
-810
-810
-926
-1038
-1188
-1415
-1748
-1858
-1936
-2063
-2179
-2291
-2407
-2607
-2796
-2788
-2801
-2901
-2970
-3133
-3241
-3269
-3333
-3492
-3640
-3731
-3853
-4025
-4139
-4296
-4334
-4272
-4198
-4035
-3749
-3419
-3223
-2993
-2827
-2560
-2396
-2168
-1883
-1674
-1416
-1160
-952
-802
-537
-313
-117
225
600
848
1120
1322
1529
1662
1788
1920
1987
2226
2379
2630
2780
2892
3017
3067
3109
3146
3181
3138
3056
2870
2847
2852
2870
2989
3130
3154
3131
3157
2987
2712
2461
2299
2031
1897
1855
1748
1551
1270
943
595
206
-36
-219
-430
-567
-700
-806
-1108
-1371
-1613
-1750
-1889
-1871
-1728
-1604
-1397
-1337
-1331
-1356
-1516
-1611
-1617
-1645
-1677
-1688
-1686
-1721
-1739
-1770
-1769
-1775
-1747
-1549
-1435
-1350
-1235
-1212
-1051
-981
-940
-779
-644
-595
-528
-573
-620
-555
-516
-616
-696
-683
-751
-715
-725
-743
-659
-575
-553
-465
-305
-184
-17
45
161
287
483
619
731
905
905
997
1035
1099
1201
1177
1160
1221
1253
1324
1355
1349
1456
1470
1514
1598
1654
1776
1859
1923
2099
2126
2224
2278
2238
2159
2021
1944
1742
1673
1645
1716
1732
1662
1578
1406
1185
933
704
421
252
234
134
61
-79
-225
-500
-833
-1058
-1209
-1331
-1479
-1576
-1718
-1865
-2080
-2288
-2507
-2644
-2593
-2546
-2403
-2176
-1936
-1716
-1494
-1362
-1228
-1132
-1061
-964
-907
-801
-802
-835
-902
-949
-909
-699
-527
-489
-251
-60
68
251
390
491
690
933
1102
1270
1438
1398
1264
1164
1083
999
898
811
743
646
535
416
226
82
-51
-103
-142
-193
-135
-144
-145
-137
-140
-195
-291
-416
-474
-566
-672
-813
-915
-1083
-1185
-1271
-1399
-1496
-1507
-1482
-1489
-1399
-1340
-1202
-1176
-999
-841
-669
-395
-237
28
218
389
540
612
649
685
698
727
867
1041
1179
1227
1180
1127
986
860
826
704
677
743
776
678
660
599
528
488
369
337
307
271
158
-78
-272
-414
-541
-629
-633
-530
-348
-214
-112
17
40
198
382
490
639
817
974
978
1059
1151
1075
1040
875
621
639
559
504
413
359
404
417
526
618
713
814
915
960
1035
994
987
906
775
731
654
552
424
179
-34
-219
-396
-639
-830
-956
-1189
-1229
-1190
-1127
-1041
-1028
-960
-897
-941
-1005
-1017
-1141
-1201
-1278
-1347
-1458
-1503
-1545
-1670
-1745
-1857
-1792
-1718
-1683
-1505
-1303
-1138
-952
-842
-665
-489
-242
116
392
618
763
848
848
798
777
685
687
740
852
1025
951
914
842
818
828
830
898
952
1061
1102
1036
904
760
685
544
457
361
315
274
94
-67
-221
-420
-548
-650
-741
-750
-733
-739
-770
-701
-629
-442
-222
42
347
578
734
832
863
833
775
640
496
412
540
546
586
617
683
789
836
964
982
1094
1131
1145
1220
1159
1109
1030
917
826
662
602
578
452
247
111
-136
-384
-588
-805
-907
-1073
-1118
-1060
-1022
-1028
-1040
-1070
-1130
-1135
-1214
-1275
-1287
-1333
-1411
-1571
-1706
-1845
-2029
-2172
-2201
-2258
-2128
-1992
-1862
-1694
-1561
-1496
-1467
-1311
-1138
-879
-612
-409
-286
-78
32
39
78
106
234
331
459
613
708
739
707
602
542
629
760
802
936
1130
1164
1171
1129
1028
1041
1039
1075
1024
1040
1026
979
859
697
617
496
448
420
498
500
471
530
567
608
817
1082
1329
1506
1636
1707
1708
1724
1675
1623
1564
1565
1538
1497
1549
1469
1338
1157
983
972
952
943
858
792
703
695
601
495
376
209
63
-86
-226
-383
-523
-672
-861
-1063
-1166
-1302
-1475
-1608
-1709
-1855
-1865
-1818
-1739
-1721
-1715
-1729
-1799
-1893
-1951
-1927
-1992
-2042
-2071
-2095
-2175
-2147
-2202
-2197
-2156
-2080
-1936
-1860
-1776
-1731
-1626
-1574
-1432
-1286
-1018
-723
-459
-186
15
98
138
176
202
340
529
689
850
994
1074
1195
1264
1255
1306
1326
1335
1400
1413
1407
1360
1275
1281
1159
1108
1202
1222
1216
1173
1155
1118
1083
1101
1079
1024
1056
1128
1092
1061
1099
1070
1061
1087
1155
1207
1226
1259
1259
1264
1188
1203
1182
1154
1137
1038
955
794
611
493
278
70
-85
-134
-205
-210
-295
-463
-414
-463
-535
-576
-671
-700
-735
-718
-749
-791
-768
-830
-984
-1076
-1184
-1317
-1453
-1636
-1780
-1886
-1919
-2030
-2007
-2060
-2156
-2177
-2215
-2172
-2181
-2212
-2216
-2267
-2276
-2314
-2323
-2274
-2165
-1972
-1829
-1633
-1517
-1437
-1362
-1275
-1196
-999
-717
-517
-158
208
499
757
899
1071
1237
1376
1522
1677
1863
2093
2227
2289
2413
2489
2441
2407
2355
2354
2350
2295
2301
2309
2302
2246
2213
2165
2107
2076
1943
1797
1711
1616
1589
1490
1413
1239
1060
960
828
733
537
495
481
415
344
281
203
127
86
3
-55
-83
-48
-80
-172
-212
-282
-398
-480
-554
-585
-689
-758
-797
-829
-791
-721
-684
-725
-653
-659
-720
-739
-785
-803
-834
-839
-814
-767
-737
-810
-965
-1055
-1144
-1329
-1391
-1490
-1536
-1564
-1619
-1572
-1642
-1570
-1599
-1633
-1591
-1597
-1530
-1524
-1457
-1386
-1327
-1278
-1161
-1021
-899
-761
-694
-593
-505
-424
-327
-347
-202
-95
54
259
339
507
648
724
804
857
957
1090
1137
1265
1428
1487
1609
1649
1690
1650
1549
1459
1337
1329
1322
1345
1363
1423
1489
1445
1431
1279
1156
980
820
673
595
497
460
386
206
119
-9
-64
-127
-158
-253
-311
-399
-351
-362
-490
-513
-552
-546
-561
-474
-476
-473
-455
-497
-537
-550
-552
-604
-608
-593
-556
-498
-491
-440
-346
-265
-159
-151
-75
21
106
179
173
207
193
201
222
172
125
99
20
23
22
40
80
44
-2
20
-15
24
40
27
0
-36
-81
-156
-169
-240
-345
-452
-510
-549
-587
-598
-571
-546
-557
-566
-512
-498
-517
-504
-538
-539
-489
-368
-242
-153
-36
61
115
113
115
120
124
185
268
325
437
544
516
524
514
441
446
438
441
472
453
429
351
198
12
-132
-224
-267
-286
-254
-220
-234
-154
-166
-113
-105
-137
-61
-17
19
113
63
124
144
65
94
121
179
217
267
311
402
442
399
382
417
425
497
531
579
690
704
727
737
819
849
856
869
868
949
1004
1055
1081
1060
1010
969
906
857
812
718
589
453
357
301
221
120
27
-75
-215
-318
-446
-544
-592
-725
-786
-896
-946
-1015
-1159
-1310
-1398
-1472
-1628
-1629
-1670
-1705
-1712
-1717
-1776
-1802
-1773
-1849
-1848
-1815
-1806
-1760
-1718
-1600
-1512
-1375
-1221
-1096
-922
-775
-636
-508
-392
-251
-131
-63
4
53
149
177
255
354
407
565
653
799
834
893
936
903
896
861
858
895
891
906
934
907
880
892
902
847
866
862
837
819
835
866
894
921
954
964
983
1054
1033
1074
1060
1047
1050
1024
979
983
1019
929
879
862
821
765
735
787
773
773
775
761
766
787
772
723
668
549
477
391
260
176
15
-141
-269
-398
-512
-651
-748
-877
-946
-1051
-1102
-1149
-1183
-1191
-1236
-1317
-1372
-1432
-1530
-1587
-1754
-1861
-1978
-2036
-2049
-2082
-2093
-2125
-2058
-2023
-1916
-1847
-1773
-1634
-1564
-1393
-1222
-1008
-799
-568
-353
-193
16
182
264
297
363
464
571
619
734
906
957
1041
1115
1153
1193
1255
1315
1348
1410
1416
1434
1429
1385
1316
1201
1113
1056
1024
1053
1015
957
964
983
966
936
922
924
975
966
984
998
995
1009
945
924
918
835
761
727
620
528
483
306
180
51
7
-70
-71
-62
-44
-24
-35
32
3
-9
-4
-18
-33
-35
-43
-30
-113
-235
-340
-515
-617
-721
-771
-851
-1019
-1102
-1219
-1351
-1437
-1596
-1675
-1740
-1833
-1770
-1753
-1798
-1745
-1791
-1891
-1927
-2043
-2083
-2085
-2111
-2141
-2107
-2003
-1837
-1703
-1620
-1474
-1307
-1170
-999
-813
-632
-393
-196
-24
222
474
693
911
994
1164
1237
1345
1390
1400
1518
1510
1577
1636
1697
1759
1720
1693
1649
1669
1665
1679
1669
1586
1574
1580
1495
1420
1317
1192
1074
974
873
780
732
618
536
443
416
369
291
255
200
166
203
231
192
212
165
82
-1
-59
-145
-189
-237
-275
-282
-342
-402
-409
-429
-424
-358
-357
-288
-333
-262
-195
-214
-188
-175
-196
-140
-93
-56
-65
-181
-209
-329
-405
-429
-539
-531
-579
-659
-639
-654
-639
-685
-660
-616
-566
-486
-461
-466
-473
-495
-543
-556
-589
-608
-527
-527
-467
-383
-325
-326
-264
-252
-181
-9
16
100
175
262
326
419
490
549
766
862
917
1073
1078
1029
1037
939
876
838
786
811
769
755
735
649
563
504
407
413
444
419
406
408
335
275
235
57
-55
-172
-241
-392
-447
-482
-589
-638
-738
-773
-796
-853
-894
-914
-909
-929
-899
-888
-875
-811
-803
-751
-759
-763
-762
-771
-825
-829
-772
-804
-790
-780
-772
-741
-759
-692
-625
-556
-504
-410
-260
-129
7
140
279
289
348
422
340
348
330
268
240
204
151
111
66
47
56
35
20
56
80
83
59
76
82
56
90
104
71
105
95
31
-13
6
50
89
117
131
237
348
422
492
572
587
673
790
820
861
905
1005
1066
1056
1137
1118
1132
1177
1131
1156
1155
1160
1147
1146
1151
1121
1129
1067
1015
941
894
864
823
845
764
680
609
488
414
293
172
22
-115
-201
-295
-356
-537
-682
-793
-920
-1011
-1077
-1142
-1184
-1190
-1245
-1256
-1261
-1234
-1277
-1298
-1326
-1383
-1409
-1435
-1452
-1463
-1466
-1460
-1403
-1340
-1242
-1137
-1010
-925
-788
-675
-549
-413
-284
-207
-80
80
128
205
253
306
311
285
295
227
222
178
123
131
85
129
162
215
266
355
477
560
649
738
768
807
833
840
897
954
944
904
895
887
886
852
836
864
886
873
844
844
806
765
721
676
642
616
577
567
522
408
293
242
129
42
51
-43
-103
-104
-163
-199
-305
-374
-400
-484
-533
-558
-533
-527
-565
-572
-598
-619
-697
-796
-882
-924
-1011
-1071
-1094
-1251
-1339
-1404
-1430
-1466
-1497
-1468
-1477
-1378
-1313
-1250
-1115
-1081
-1051
-991
-931
-858
-799
-734
-676
-651
-544
-536
-463
-389
-334
-215
-151
-39
54
201
321
405
521
628
727
797
899
1048
1173
1320
1407
1529
1592
1620
1623
1542
1536
1459
1427
1434
1389
1359
1296
1274
1197
1186
1148
1098
1074
1044
1078
1020
945
864
738
616
480
355
282
186
92
19
-70
-197
-289
-359
-411
-402
-474
-508
-540
-535
-610
-622
-636
-673
-641
-652
-651
-612
-515
-476
-383
-318
-273
-241
-266
-237
-206
-189
-168
-171
-180
-124
-155
-194
-121
-154
-148
-142
-144
-147
-241
-241
-280
-322
-334
-370
-312
-285
-279
-260
-249
-234
-236
-223
-253
-242
-188
-120
-88
-54
-8
-10
27
65
17
-1
-59
-68
-56
-29
-7
-64
-43
-78
-70
-12
-39
3
22
25
82
89
203
259
294
386
428
474
498
475
515
446
376
346
259
162
99
81
9
-17
-75
-118
-156
-172
-196
-161
-224
-241
-186
-311
-310
-346
-403
-386
-424
-407
-414
-350
-393
-420
-419
-450
-445
-458
-478
-465
-392
-402
-387
-377
-374
-306
-259
-205
-107
-54
55
92
173
228
234
330
296
355
370
395
446
451
488
470
449
470
482
472
437
423
433
416
391
336
276
229
189
123
76
32
25
14
-6
-82
-73
-84
-145
-115
-137
-131
-100
-24
-31
39
-12
-39
-18
-121
-130
-166
-203
-194
-252
-280
-307
-350
-417
-427
-412
-437
-404
-394
-361
-332
-288
-256
-160
-139
-71
-45
-25
-25
-72
-104
-145
-155
-176
-114
-83
18
15
-23
-16
-1
-7
33
108
122
206
235
261
267
276
288
295
333
371
381
413
460
419
441
451
462
440
480
480
475
512
532
548
581
614
636
645
652
674
728
701
725
784
768
763
771
717
733
765
771
764
742
740
683
706
618
573
522
433
384
279
265
130
67
-64
-178
-218
-304
-391
-465
-547
-640
-693
-744
-804
-868
-880
-921
-957
-980
-955
-992
-1042
-1053
-1133
-1191
-1262
-1330
-1405
-1450
-1452
-1467
-1479
-1454
-1460
-1423
-1414
-1436
-1384
-1338
-1272
-1148
-1082
-1012
-899
-833
-751
-654
-546
-481
-406
-308
-206
-164
-72
-34
5
76
102
162
202
168
203
246
235
327
350
418
460
494
560
536
544
579
638
624
692
769
795
810
828
802
789
786
752
705
720
743
762
801
785
819
798
830
878
946
985
1012
1003
1028
1043
973
963
929
920
884
900
888
832
808
690
626
526
492
446
398
422
331
338
271
203
119
81
53
-45
13
-37
-45
-65
-127
-160
-246
-274
-296
-283
-307
-255
-223
-266
-265
-325
-402
-442
-507
-569
-596
-581
-608
-605
-631
-632
-639
-624
-621
-605
-634
-657
-674
-726
-715
-740
-707
-717
-620
-566
-523
-420
-383
-382
-368
-349
-331
-334
-309
-253
-216
-184
-156
-164
-140
-101
-103
-49
-54
-33
14
55
54
62
49
38
45
79
129
160
207
202
202
199
180
159
97
27
24
-33
-7
-49
-76
-71
-91
-43
-46
-9
20
25
-1
18
26
68
64
85
112
135
182
186
225
217
241
290
279
255
267
280
274
248
207
206
161
103
108
96
123
140
61
110
152
38
89
32
-37
-48
-50
-92
-123
-123
-208
-225
-237
-267
-260
-260
-316
-286
-309
-291
-282
-318
-297
-271
-263
-232
-253
-259
-223
-206
-201
-191
-169
-155
-96
-116
-45
7
-22
50
99
79
136
166
107
155
139
95
90
39
12
-27
28
53
100
160
125
145
137
122
130
135
126
156
127
155
195
237
232
263
294
292
337
359
351
334
320
347
347
296
285
282
279
243
291
249
223
254
230
206
195
148
86
101
81
75
120
179
176
230
210
157
203
156
133
155
96
129
139
113
128
80
112
55
61
96
104
92
115
132
94
111
77
119
146
137
108
129
78
40
37
-5
-63
-69
-100
-120
-129
-179
-203
-257
-275
-288
-328
-328
-327
-343
-347
-326
-349
-330
-348
-397
-394
-448
-456
-485
-478
-497
-510
-468
-495
-494
-498
-532
-516
-525
-510
-455
-429
-344
-320
-244
-197
-141
-117
-72
-25
-24
21
-33
23
12
41
52
24
53
55
110
149
148
150
130
86
63
31
29
-15
-18
-51
-57
-34
-77
-52
-89
-89
-138
-182
-149
-181
-149
-121
-55
-45
18
62
82
155
145
225
183
282
323
314
426
415
489
512
557
575
580
577
629
645
597
567
544
541
507
500
462
417
389
406
330
271
281
210
200
148
128
104
91
24
-38
-32
-103
-98
-153
-184
-185
-186
-195
-216
-305
-316
-323
-391
-413
-452
-487
-522
-485
-472
-506
-497
-526
-541
-566
-596
-630
-606
-602
-587
-532
-536
-504
-481
-477
-431
-359
-288
-204
-173
-118
-49
-15
27
35
36
91
139
192
196
222
227
191
140
109
94
82
61
48
38
26
-10
-59
-82
-90
-86
-108
-88
-81
-60
-59
-56
-71
7
43
-1
42
68
141
168
219
261
286
349
387
433
405
449
451
453
513
542
567
642
694
713
720
725
724
677
680
648
663
660
708
717
693
733
677
664
620
566
510
485
429
340
342
307
264
254
241
232
234
183
164
88
16
-75
-167
-287
-383
-444
-513
-560
-548
-529
-533
-516
-522
-569
-610
-595
-610
-587
-560
-543
-515
-531
-555
-606
-660
-699
-696
-692
-639
-608
-560
-534
-548
-519
-549
-556
-545
-517
-519
-498
-462
-471
-508
-502
-581
-586
-542
-555
-522
-508
-497
-462
-468
-465
-523
-526
-505
-488
-459
-456
-420
-418
-416
-443
-397
-398
-309
-257
-199
-145
-43
31
116
201
236
362
395
494
566
605
735
763
889
975
1026
1139
1163
1262
1282
1271
1276
1227
1287
1206
1222
1253
1186
1193
1168
1188
1120
1063
1015
978
864
822
745
664
583
519
429
330
256
122
90
20
-110
-183
-279
-342
-397
-475
-535
-600
-666
-706
-719
-761
-787
-799
-850
-857
-875
-874
-866
-864
-800
-780
-759
-723
-694
-661
-668
-646
-626
-598
-580
-508
-448
-410
-377
-344
-340
-323
-264
-249
-181
-165
-146
-101
-84
-108
-86
-76
-70
-8
72
80
92
98
62
53
59
31
20
4
-3
52
12
65
103
122
169
208
282
371
464
507
560
592
624
611
663
668
696
726
766
801
831
901
889
937
915
901
873
835
820
734
711
613
560
541
456
420
344
305
262
200
189
160
130
72
-47
-109
-215
-337
-419
-534
-617
-683
-733
-839
-840
-909
-959
-953
-1077
-1101
-1167
-1208
-1233
-1262
-1298
-1306
-1335
-1366
-1347
-1360
-1353
-1310
-1230
-1189
-1102
-1039
-922
-871
-846
-739
-736
-639
-543
-464
-408
-307
-234
-177
-75
-58
15
97
121
182
259
346
456
509
525
606
619
689
715
716
747
785
816
835
838
842
823
826
887
833
857
896
887
914
925
886
855
846
843
864
865
852
837
828
791
739
672
678
646
631
630
572
593
527
532
437
425
372
319
290
251
252
173
166
107
69
-26
-44
-136
-156
-180
-223
-222
-246
-219
-210
-265
-316
-359
-394
-416
-444
-444
-441
-431
-430
-407
-422
-429
-438
-475
-471
-510
-551
-543
-583
-579
-544
-539
-552
-543
-550
-534
-510
-483
-484
-478
-453
-419
-348
-353
-263
-259
-226
-172
-173
-149
-132
-81
-86
-28
-28
-3
21
43
142
176
254
280
299
342
343
316
291
225
199
171
124
124
66
56
54
34
52
49
17
8
-44
-43
-50
-89
-74
-90
-79
-33
-11
15
30
32
22
30
29
13
-5
-20
-51
-41
-42
-97
-112
-143
-95
-113
-70
-38
-46
-15
50
50
91
116
105
139
108
176
131
134
189
169
190
196
186
190
227
212
234
242
252
279
245
231
224
200
172
134
118
62
1
-57
-127
-165
-205
-264
-291
-304
-369
-367
-353
-416
-401
-401
-481
-483
-508
-536
-548
-569
-547
-561
-502
-502
-486
-414
-412
-362
-349
-273
-241
-185
-64
-60
18
48
97
156
181
219
208
210
240
234
244
266
252
271
322
331
398
415
497
500
551
583
589
661
635
668
653
686
651
651
668
659
651
657
637
644
651
611
601
552
502
452
442
432
439
442
348
336
239
192
158
73
74
14
9
13
1
-46
-62
-116
-157
-173
-196
-180
-203
-222
-234
-241
-237
-229
-235
-250
-208
-250
-256
-277
-300
-321
-378
-436
-485
-486
-579
-559
-613
-667
-684
-734
-762
-811
-836
-849
-876
-872
-879
-885
-867
-885
-867
-871
-817
-793
-735
-715
-696
-599
-613
-553
-491
-489
-454
-378
-328
-305
-194
-193
-152
-109
-133
-62
-62
-37
27
105
151
192
231
290
332
396
429
464
518
552
577
593
625
664
685
742
783
824
841
830
849
823
825
774
762
733
739
723
741
734
725
708
684
650
642
666
631
611
578
571
596
557
555
579
555
536
538
471
426
426
329
306
291
261
224
227
221
130
90
35
-65
-98
-119
-173
-217
-265
-303
-363
-453
-489
-510
-561
-592
-641
-688
-745
-778
-840
-883
-952
-1036
-1056
-1102
-1144
-1136
-1168
-1117
-1087
-1109
-1051
-1024
-1008
-969
-973
-947
-946
-937
-888
-879
-856
-805
-765
-706
-603
-502
-420
-357
-257
-208
-143
-79
-20
65
120
192
246
274
333
378
424
494
501
536
612
627
672
714
732
743
751
786
762
759
788
785
798
821
800
832
835
824
813
814
848
811
847
799
815
831
810
862
833
844
812
791
792
744
744
733
700
663
630
580
547
541
521
440
406
369
295
288
221
178
135
94
57
16
-6
-96
-113
-142
-170
-187
-240
-293
-324
-384
-455
-514
-613
-671
-732
-772
-811
-848
-903
-913
-969
-1025
-1020
-1069
-1056
-1078
-1099
-1123
-1125
-1140
-1164
-1182
-1197
-1179
-1179
-1158
-1132
-1099
-1075
-997
-914
-900
-832
-790
-761
-699
-673
-642
-574
-502
-461
-365
-311
-220
-153
-120
-8
45
116
168
254
343
367
459
524
545
596
621
659
705
757
812
858
901
942
953
980
966
969
1004
983
987
972
970
948
925
917
883
873
895
821
808
789
723
716
661
646
598
609
587
532
483
438
390
330
319
311
251
264
196
177
155
142
146
84
89
92
75
62
77
17
-20
-19
-134
-157
-234
-294
-346
-395
-410
-491
-507
-544
-632
-673
-700
-780
-815
-852
-919
-930
-986
-1069
-1078
-1144
-1158
-1145
-1139
-1106
-1071
-1064
-1047
-1022
-1030
-979
-1005
-1003
-965
-941
-889
-857
-784
-741
-646
-562
-474
-359
-302
-213
-150
-50
19
43
133
169
201
266
315
372
429
489
533
579
692
705
817
851
899
970
950
981
1003
1050
1039
1088
1070
1072
1135
1120
1117
1144
1134
1124
1132
1120
1146
1131
1139
1106
1109
1085
1031
1061
1048
1019
960
929
923
870
830
781
707
614
536
468
354
257
177
119
51
-23
-35
-92
-137
-178
-265
-330
-396
-483
-515
-592
-647
-693
-746
-824
-888
-947
-1025
-1111
-1239
-1295
-1376
-1434
-1505
-1531
-1588
-1620
-1656
-1706
-1670
-1685
-1671
-1656
-1679
-1683
-1663
-1674
-1665
-1655
-1635
-1603
-1517
-1448
-1419
-1303
-1252
-1145
-1030
-936
-810
-704
-582
-440
-305
-196
-106
38
112
199
291
370
451
547
617
684
761
850
923
1003
1083
1171
1225
1308
1389
1440
1556
1608
1684
1730
1771
1755
1793
1757
1730
1705
1698
1682
1671
1705
1639
1621
1571
1552
1489
1426
1438
1389
1307
1261
1182
1111
1037
941
800
701
609
505
444
342
241
168
60
-4
-77
-143
-192
-275
-332
-406
-472
-532
-587
-666
-729
-750
-813
-861
-866
-953
-962
-996
-1090
-1118
-1182
-1215
-1259
-1268
-1266
-1282
-1248
-1244
-1262
-1224
-1186
-1163
-1144
-1113
-1108
-1060
-1013
-1046
-1032
-1017
-1001
-972
-923
-904
-874
-781
-713
-667
-597
-551
-493
-450
-392
-344
-295
-233
-144
-115
-34
50
77
176
198
226
278
308
369
360
430
457
473
548
548
611
657
667
708
719
768
797
770
825
779
803
796
768
793
747
737
707
711
662
627
595
568
527
481
409
361
307
266
244
192
189
180
181
191
177
181
208
212
207
224
233
205
199
199
149
131
147
82
93
101
55
68
-4
26
-30
-45
-15
-50
-71
-70
-89
-103
-115
-153
-180
-215
-204
-206
-216
-213
-231
-241
-232
-249
-235
-221
-220
-252
-241
-275
-288
-281
-324
-359
-366
-401
-427
-460
-492
-557
-557
-521
-544
-523
-516
-525
-506
-487
-503
-484
-507
-492
-490
-485
-476
-433
-416
-410
-366
-368
-319
-300
-252
-185
-202
-149
-82
-79
-58
-27
-44
-50
-54
-8
22
34
129
148
187
221
264
306
328
324
361
385
374
416
415
430
439
424
437
430
456
491
499
507
507
511
503
464
487
462
427
471
437
453
463
432
428
446
453
456
477
463
442
441
409
393
387
351
363
374
385
417
417
443
456
449
487
519
480
446
408
350
323
244
218
175
138
109
91
29
-11
-43
-80
-140
-157
-202
-271
-306
-376
-409
-438
-481
-548
-548
-618
-653
-697
-724
-715
-740
-756
-743
-759
-805
-793
-857
-850
-843
-838
-822
-834
-773
-761
-730
-720
-671
-683
-655
-632
-630
-575
-558
-511
-503
-416
-383
-287
-194
-92
14
49
139
225
319
351
389
421
444
467
462
519
515
494
534
510
533
568
554
589
570
560
550
558
568
557
567
569
535
494
476
467
425
397
378
357
326
304
279
249
208
161
112
47
28
-15
-56
-84
-110
-150
-178
-220
-197
-227
-260
-266
-332
-355
-407
-453
-444
-534
-533
-527
-569
-538
-548
-552
-563
-538
-564
-557
-555
-556
-541
-550
-548
-581
-612
-615
-636
-697
-729
-761
-695
-698
-644
-550
-511
-435
-368
-298
-246
-168
-148
-72
-50
46
96
147
223
231
284
318
360
390
441
462
568
657
706
814
848
911
985
1006
1028
1019
1073
1088
1089
1127
1112
1121
1132
1118
1096
1097
1120
1081
1084
1082
1039
1027
990
948
916
855
799
750
674
621
543
462
369
284
234
113
42
-8
-93
-114
-177
-223
-272
-310
-337
-376
-378
-400
-385
-397
-415
-445
-433
-489
-546
-555
-605
-620
-668
-667
-718
-746
-734
-764
-760
-792
-786
-799
-822
-804
-845
-806
-814
-792
-819
-821
-804
-805
-797
-814
-813
-805
-767
-780
-742
-725
-652
-647
-605
-581
-587
-512
-503
-470
-449
-407
-377
-320
-278
-249
-196
-187
-134
-91
-62
11
54
104
153
215
265
342
402
480
531
562
604
633
649
683
687
669
714
709
694
697
708
696
687
688
674
642
611
608
523
532
493
494
461
481
452
405
412
329
324
255
232
157
130
77
26
5
-91
-92
-167
-245
-219
-299
-343
-365
-415
-388
-403
-417
-406
-394
-392
-391
-373
-374
-385
-367
-349
-376
-333
-318
-301
-256
-259
-225
-241
-220
-211
-193
-157
-119
-93
-45
-18
25
39
54
56
45
78
71
119
124
174
202
217
238
256
270
261
290
293
307
314
314
331
330
360
355
355
337
346
374
336
324
311
275
275
277
256
289
243
261
270
250
230
213
214
199
179
142
116
113
102
99
122
62
99
75
56
57
39
42
-4
16
-34
-17
-51
-35
-40
-45
-23
-38
-45
-74
-36
-70
-70
-58
-70
-62
-51
-89
-79
-129
-209
-237
-312
-321
-360
-337
-353
-348
-355
-351
-380
-414
-398
-423
-414
-424
-434
-440
-473
-526
-477
-522
-525
-524
-503
-493
-504
-468
-465
-446
-423
-400
-392
-359
-368
-349
-343
-320
-258
-250
-223
-197
-188
-180
-167
-153
-120
-116
-108
-77
-56
-23
2
10
12
56
29
76
40
58
95
116
151
149
175
203
235
224
249
289
346
404
425
462
510
483
505
491
483
484
476
474
480
516
509
541
542
580
623
647
609
649
685
662
700
700
675
687
721
665
629
580
530
502
484
430
380
348
293
251
219
162
151
116
88
36
-17
-70
-95
-133
-206
-215
-222
-248
-287
-317
-340
-365
-424
-422
-468
-499
-498
-524
-537
-534
-572
-571
-563
-617
-630
-619
-644
-620
-629
-614
-612
-606
-615
-614
-611
-537
-501
-469
-367
-335
-298
-275
-269
-266
-283
-291
-289
-297
-264
-214
-199
-194
-157
-159
-101
-69
-39
-8
23
59
121
119
172
226
240
249
256
308
304
365
374
387
415
425
432
423
421
441
460
484
511
519
528
526
481
453
429
394
379
371
341
324
361
301
260
256
240
253
211
219
205
172
195
133
100
87
106
97
65
59
39
30
3
-23
-81
-95
-99
-104
-117
-133
-124
-135
-127
-144
-147
-167
-200
-196
-223
-228
-210
-225
-254
-265
-280
-303
-307
-340
-351
-323
-354
-332
-307
-271
-238
-250
-245
-270
-292
-276
-264
-257
-263
-257
-236
-278
-254
-263
-287
-273
-295
-290
-295
-280
-290
-307
-289
-323
-280
-266
-240
-184
-163
-167
-170
-163
-166
-120
-82
-63
6
25
51
100
82
114
115
85
78
97
106
150
167
188
200
188
201
189
184
200
194
200
206
211
233
233
197
234
211
205
228
217
248
252
273
285
290
304
279
266
280
261
275
251
275
287
292
298
316
298
300
311
276
297
260
277
271
273
246
233
237
215
246
250
253
238
213
201
212
137
190
164
92
136
62
35
11
-21
-55
-77
-66
-129
-117
-156
-146
-163
-191
-206
-240
-222
-242
-230
-225
-233
-241
-243
-233
-271
-307
-337
-367
-359
-373
-390
-352
-361
-329
-276
-299
-269
-272
-264
-241
-222
-200
-216
-181
-221
-206
-217
-206
-220
-237
-181
-177
-141
-119
-69
-21
-23
33
35
51
70
74
91
119
152
148
176
178
205
191
208
216
194
222
196
178
179
198
206
195
243
259
241
256
244
268
238
238
206
209
259
237
278
265
269
299
245
218
235
228
244
202
220
168
189
147
132
85
48
33
-60
-49
-95
-115
-167
-211
-253
-276
-293
-322
-320
-351
-381
-372
-401
-423
-436
-463
-467
-488
-499
-496
-484
-450
-454
-444
-446
-431
-377
-410
-373
-390
-394
-374
-395
-357
-368
-353
-326
-343
-310
-264
-245
-229
-181
-196
-152
-133
-132
-79
-66
-18
6
39
73
98
143
159
219
247
276
351
343
385
431
469
513
536
549
613
604
608
615
549
492
466
417
396
405
380
381
395
374
394
391
396
393
335
337
339
331
309
318
333
307
350
346
306
300
271
271
236
233
182
190
194
154
117
109
100
20
28
-8
-62
-80
-91
-118
-154
-164
-179
-228
-233
-228
-241
-269
-286
-329
-362
-373
-403
-423
-461
-482
-518
-499
-483
-485
-489
-496
-529
-528
-523
-526
-496
-481
-477
-441
-421
-414
-389
-388
-351
-336
-318
-294
-277
-280
-199
-183
-181
-150
-105
-61
-21
26
64
88
91
146
179
179
192
252
268
288
326
344
368
373
406
410
423
444
442
442
467
471
435
469
461
428
429
402
346
336
305
270
222
184
134
108
73
45
62
35
70
64
66
102
77
58
36
-18
-37
-24
-41
-75
-71
-92
-114
-148
-212
-243
-302
-278
-302
-289
-277
-252
-264
-245
-242
-271
-255
-290
-301
-343
-318
-350
-350
-335
-376
-363
-332
-316
-309
-285
-284
-282
-242
-244
-211
-228
-183
-158
-134
-76
-57
-12
19
9
21
63
73
103
120
136
166
165
201
235
236
241
241
274
291
338
327
367
399
367
380
361
338
314
344
317
331
338
322
338
308
300
254
227
202
170
162
150
125
130
96
81
74
7
-26
3
-27
-52
-44
-59
-53
-59
-67
-98
-87
-108
-112
-95
-82
-34
-12
2
-12
23
17
4
26
37
36
45
29
-8
-38
-21
-36
-55
-33
-4
6
3
17
-11
2
-7
-4
4
17
45
78
118
101
104
88
51
55
36
29
20
16
-22
-4
-11
-42
-36
-76
-109
-105
-113
-116
-113
-153
-164
-154
-194
-193
-216
-250
-292
-292
-326
-336
-361
-387
-389
-349
-339
-323
-282
-292
-266
-298
-308
-326
-305
-276
-282
-264
-255
-226
-251
-233
-240
-251
-231
-207
-162
-171
-127
-101
-66
-35
-13
14
41
81
103
119
111
133
100
93
81
90
90
88
98
58
109
91
96
114
130
138
199
209
224
267
246
259
220
196
220
207
201
214
224
228
210
233
212
224
209
162
153
120
103
59
61
32
14
25
-4
10
-18
-30
-50
-83
-63
-71
-84
-100
-98
-60
-51
-25
5
25
60
76
98
121
152
157
177
172
204
196
210
216
219
243
217
236
235
218
218
239
237
219
224
243
268
279
262
286
291
264
272
232
228
215
193
166
167
119
87
81
29
26
14
-28
-41
-75
-113
-111
-141
-125
-123
-154
-108
-127
-117
-107
-124
-118
-122
-147
-166
-177
-204
-218
-233
-222
-217
-225
-213
-223
-203
-190
-175
-150
-174
-135
-125
-117
-121
-118
-140
-144
-134
-133
-111
-111
-118
-121
-159
-135
-147
-194
-185
-214
-198
-172
-128
-117
-144
-152
-142
-140
-144
-165
-177
-189
-172
-163
-165
-145
-169
-140
-120
-115
-79
-64
-52
-53
-61
-50
-45
-38
-63
-58
-96
-55
-50
-55
-91
-103
-126
-143
-163
-175
-126
-159
-132
-104
-122
-136
-112
-158
-123
-128
-129
-107
-125
-48
-67
-51
-7
1
32
38
58
65
133
141
151
190
135
182
146
152
142
158
146
135
169
150
189
191
192
176
214
198
239
206
222
253
211
227
213
198
195
219
213
220
196
188
224
181
206
208
233
242
259
254
261
252
262
253
237
241
210
230
223
217
233
230
206
214
205
