SAMPLES:	11690
BITSPERSAMPLE:	16
CHANNELS:	1
SAMPLERATE:	16000
NORMALIZED:	FALSE
309
305
321
338
356
345
370
358
345
344
326
324
323
311
299
288
294
265
273
261
224
226
200
192
158
152
135
132
95
113
104
81
95
66
39
12
-20
-65
-82
-109
-134
-136
-159
-163
-191
-227
-243
-290
-305
-338
-348
-358
-384
-385
-419
-432
-469
-493
-508
-518
-492
-494
-488
-474
-447
-436
-437
-445
-424
-419
-382
-339
-321
-284
-264
-217
-229
-204
-169
-159
-106
-63
-34
-13
4
2
57
69
95
140
178
215
209
257
246
262
283
307
303
367
371
368
388
367
378
372
396
403
422
403
426
419
408
432
421
417
400
400
389
398
376
361
398
351
363
329
324
298
245
260
233
184
180
166
133
117
114
97
51
21
23
-6
-31
-19
-72
-101
-86
-98
-109
-132
-152
-162
-170
-180
-183
-154
-141
-152
-115
-131
-142
-134
-174
-181
-199
-217
-210
-194
-216
-213
-246
-273
-299
-315
-306
-343
-353
-372
-409
-413
-446
-442
-429
-403
-405
-371
-349
-350
-337
-343
-346
-341
-339
-366
-340
-348
-306
-283
-254
-226
-243
-221
-203
-213
-205
-191
-183
-176
-155
-148
-141
-134
-118
-96
-103
-56
-62
-44
-21
-16
2
20
41
66
98
127
173
234
238
279
289
281
343
333
340
328
347
334
358
352
331
348
345
349
361
356
346
371
361
379
390
400
392
411
440
448
455
451
461
463
445
445
421
409
411
420
398
401
381
370
362
317
289
267
220
187
173
137
96
89
54
24
-11
-35
-51
-109
-141
-183
-216
-231
-261
-284
-293
-307
-326
-334
-356
-393
-388
-419
-407
-426
-398
-408
-390
-410
-431
-447
-481
-484
-519
-479
-490
-470
-492
-482
-507
-498
-509
-501
-471
-485
-441
-424
-395
-402
-335
-349
-329
-274
-275
-210
-174
-152
-110
-107
-88
-49
-28
12
102
124
150
215
205
243
267
291
337
354
375
411
419
415
406
374
365
361
336
342
326
302
326
300
304
288
247
278
243
246
255
212
213
179
198
188
184
200
212
213
212
214
213
206
220
214
220
224
224
202
190
156
142
129
97
77
75
93
81
84
58
66
53
76
43
56
45
29
49
3
9
7
-23
-9
-25
-12
16
19
24
11
30
6
-10
-21
-27
-22
-30
-28
-51
-87
-90
-98
-146
-175
-204
-223
-244
-240
-263
-313
-317
-298
-336
-333
-339
-382
-386
-395
-402
-419
-409
-412
-391
-406
-358
-369
-359
-360
-375
-343
-342
-306
-317
-299
-294
-315
-309
-339
-323
-315
-308
-288
-264
-253
-212
-193
-166
-169
-127
-92
-82
-33
-23
26
43
98
87
131
196
207
258
287
319
328
386
357
395
413
394
440
448
452
471
504
468
498
485
492
458
452
462
396
413
386
373
374
356
328
343
325
322
303
291
289
269
277
284
269
251
262
245
233
242
211
178
172
131
125
95
60
33
4
-28
-69
-99
-129
-134
-155
-188
-200
-217
-258
-294
-296
-320
-359
-340
-386
-390
-375
-388
-376
-398
-389
-403
-390
-402
-391
-380
-388
-348
-346
-357
-360
-366
-362
-343
-347
-320
-309
-291
-283
-273
-268
-240
-236
-232
-187
-193
-187
-163
-184
-156
-139
-140
-105
-93
-64
-25
0
24
43
49
62
76
71
86
96
93
119
130
174
183
236
251
273
299
310
318
319
309
321
307
322
352
351
369
370
372
398
386
387
387
381
389
372
375
342
303
285
262
236
243
219
232
234
216
208
231
214
191
184
143
159
126
115
61
62
51
-5
-8
-47
-70
-60
-78
-104
-104
-146
-174
-187
-217
-260
-246
-266
-286
-260
-293
-271
-279
-314
-312
-333
-329
-302
-315
-305
-292
-281
-249
-273
-235
-227
-257
-233
-227
-189
-201
-194
-178
-199
-137
-155
-146
-122
-110
-72
-72
-69
-37
-28
-31
-13
-33
0
2
14
41
64
58
80
91
116
150
146
146
152
168
138
151
155
149
163
163
148
135
105
84
52
19
-10
-24
-15
-47
-38
-72
-46
-65
-75
-50
-75
-69
-66
-87
-77
-65
-81
-72
-87
-73
-59
-38
-41
-24
2
13
7
55
43
70
78
84
111
118
133
116
105
101
92
78
86
51
49
36
29
8
10
23
14
33
30
32
16
34
36
27
27
19
0
-15
-44
-52
-19
-65
-48
-79
-88
-63
-82
-66
-95
-115
-141
-143
-138
-157
-161
-168
-173
-188
-166
-165
-140
-131
-155
-121
-112
-93
-88
-71
-32
-55
-17
10
7
83
59
73
127
130
153
166
182
190
221
187
220
210
190
220
204
225
229
242
220
234
230
197
219
179
208
176
175
200
197
205
221
211
238
252
234
253
211
237
219
229
232
238
226
199
188
162
140
155
119
109
107
97
88
84
55
29
52
-5
1
-18
-43
-61
-77
-96
-132
-178
-155
-182
-211
-190
-230
-220
-224
-217
-224
-228
-214
-240
-241
-256
-267
-263
-293
-276
-283
-284
-247
-280
-270
-260
-268
-236
-250
-227
-211
-194
-206
-190
-192
-187
-170
-184
-182
-183
-189
-180
-156
-167
-144
-153
-137
-107
-119
-83
-82
-74
-56
-39
-40
-51
-47
-32
-43
-49
-39
-45
-65
-42
-61
-62
-49
-76
-63
-73
-71
-79
-73
-94
-108
-119
-114
-140
-132
-132
-111
-94
-76
-44
-50
-17
15
46
46
93
99
99
140
147
191
203
219
255
227
257
244
256
257
277
288
269
283
262
233
233
229
222
204
199
194
197
203
208
249
262
268
265
261
263
254
258
260
278
287
295
306
292
304
301
298
267
285
259
258
247
236
216
142
152
100
82
44
38
11
-36
-35
-81
-87
-121
-144
-140
-174
-170
-170
-189
-170
-179
-205
-210
-237
-220
-236
-247
-247
-254
-235
-242
-235
-251
-253
-245
-273
-270
-251
-270
-231
-259
-255
-236
-247
-241
-234
-202
-221
-187
-165
-168
-149
-158
-156
-136
-141
-94
-91
-66
-88
-57
-49
-80
-61
-76
-81
-75
-73
-70
-62
-85
-74
-107
-99
-100
-114
-118
-134
-135
-149
-127
-135
-109
-110
-111
-114
-96
-97
-94
-76
-89
-51
-39
-29
8
14
54
81
79
103
109
156
168
210
206
211
233
213
220
202
203
233
236
280
279
276
307
277
293
288
278
271
276
272
277
307
284
298
273
266
263
273
262
267
267
272
280
252
269
244
221
194
197
169
155
155
126
102
72
63
54
43
32
9
-5
-30
-48
-39
-83
-91
-125
-152
-138
-176
-167
-161
-167
-142
-138
-147
-118
-109
-89
-78
-86
-58
-61
-61
-51
-79
-103
-119
-108
-126
-148
-148
-164
-182
-184
-177
-198
-187
-198
-211
-226
-232
-262
-278
-278
-304
-293
-293
-284
-275
-259
-268
-262
-256
-232
-230
-185
-181
-117
-87
-93
-26
-35
-23
1
31
48
31
58
85
95
116
116
145
147
130
154
133
111
109
122
117
98
105
101
122
108
118
137
124
147
124
137
113
116
114
132
118
101
113
92
104
87
118
102
144
151
162
152
135
110
77
83
94
93
72
48
27
-17
-27
-52
-87
-114
-142
-129
-172
-200
-235
-275
-314
-311
-340
-336
-358
-355
-335
-362
-348
-351
-356
-346
-318
-323
-272
-256
-216
-183
-174
-126
-92
-71
-49
-27
-8
34
61
109
104
126
168
173
208
219
246
262
274
296
315
347
328
374
369
392
400
402
438
447
471
502
539
563
585
586
589
547
516
410
330
237
127
29
-110
-248
-388
-523
-625
-673
-742
-798
-807
-833
-817
-800
-789
-822
-824
-847
-830
-780
-758
-724
-695
-591
-501
-383
-257
-139
-15
141
289
422
555
654
736
789
852
898
914
919
875
849
820
787
751
688
643
632
640
662
685
721
746
789
852
868
924
948
993
1026
1071
1066
1070
1050
1032
1007
955
918
842
768
692
607
517
430
296
204
90
-33
-140
-259
-347
-520
-730
-967
-1183
-1368
-1614
-1843
-2097
-2355
-2593
-2760
-2856
-2966
-3048
-3084
-3032
-2955
-2812
-2633
-2501
-2386
-2223
-2001
-1800
-1591
-1416
-1276
-1106
-906
-655
-398
-234
-33
148
402
632
846
991
1079
1178
1292
1444
1514
1574
1571
1604
1617
1641
1637
1602
1536
1526
1514
1533
1596
1589
1611
1622
1630
1725
1756
1771
1805
1818
1836
1830
1805
1685
1573
1470
1378
1268
1201
1127
1004
949
915
914
891
929
919
974
1040
1086
1121
1101
1027
945
865
729
615
454
269
139
-29
-216
-377
-557
-769
-940
-1106
-1283
-1410
-1568
-1652
-1782
-1829
-1895
-1925
-1969
-2026
-2122
-2200
-2238
-2315
-2364
-2483
-2601
-2736
-2880
-2934
-2954
-2998
-2982
-2961
-2862
-2684
-2499
-2260
-2101
-1918
-1666
-1385
-1054
-768
-522
-301
-51
197
459
692
818
963
1085
1226
1441
1548
1621
1619
1634
1666
1710
1699
1622
1552
1457
1424
1358
1273
1140
986
895
806
758
752
691
606
575
600
639
659
622
579
510
560
530
511
478
392
373
350
370
352
303
295
293
297
367
411
438
472
560
664
769
896
981
1084
1201
1342
1470
1599
1717
1805
1895
1955
1985
1994
1953
1912
1790
1664
1567
1426
1286
1116
976
865
775
689
637
572
556
560
513
509
480
480
448
369
258
120
-28
-228
-499
-817
-1139
-1554
-1947
-2320
-2709
-3122
-3472
-3800
-4078
-4206
-4277
-4290
-4261
-4161
-4021
-3803
-3564
-3352
-3141
-2933
-2737
-2527
-2356
-2204
-2084
-1985
-1866
-1672
-1517
-1274
-1050
-828
-564
-305
-37
175
417
615
797
940
1125
1271
1338
1461
1493
1536
1651
1677
1740
1770
1793
1851
1913
1957
1985
2005
1939
1906
1887
1876
1792
1708
1610
1491
1403
1313
1207
1063
957
894
832
837
855
856
919
1021
1177
1357
1548
1669
1816
1961
2153
2324
2474
2638
2779
2893
3002
3060
3041
2977
2840
2651
2468
2246
1986
1739
1495
1264
1036
885
719
557
401
203
50
-147
-365
-605
-840
-1124
-1386
-1582
-1788
-1993
-2188
-2365
-2539
-2670
-2868
-3105
-3374
-3708
-4022
-4311
-4592
-4842
-5106
-5333
-5471
-5487
-5379
-5183
-4927
-4604
-4187
-3722
-3218
-2719
-2285
-1880
-1528
-1157
-770
-490
-168
121
426
706
1023
1341
1543
1762
1940
2105
2271
2446
2573
2655
2718
2791
2835
2842
2830
2767
2673
2553
2455
2331
2125
1954
1743
1509
1334
1142
965
809
622
508
368
297
200
86
-25
-111
-217
-303
-344
-431
-497
-501
-449
-383
-221
-59
112
302
514
750
987
1213
1429
1637
1846
2068
2329
2535
2757
2958
3122
3261
3303
3322
3282
3139
2963
2731
2497
2256
1962
1744
1481
1280
1105
933
748
570
381
174
-74
-356
-643
-957
-1258
-1539
-1778
-1994
-2163
-2326
-2421
-2558
-2638
-2695
-2840
-2999
-3196
-3487
-3835
-4177
-4494
-4873
-5147
-5327
-5441
-5380
-5238
-4942
-4609
-4196
-3695
-3178
-2646
-2144
-1680
-1263
-905
-597
-248
50
309
618
897
1176
1447
1662
1828
1951
2086
2216
2326
2415
2491
2511
2514
2486
2476
2432
2357
2242
2093
1961
1808
1609
1366
1082
800
561
358
180
48
-63
-150
-187
-167
-92
-50
-34
20
32
112
207
312
420
530
708
845
1046
1218
1389
1591
1805
2038
2266
2517
2747
2980
3222
3451
3705
3965
4178
4363
4508
4584
4644
4623
4493
4283
4029
3684
3296
2873
2421
1935
1398
956
543
158
-185
-517
-873
-1196
-1511
-1841
-2142
-2531
-2876
-3258
-3572
-3814
-4060
-4200
-4320
-4419
-4461
-4497
-4552
-4594
-4678
-4814
-4953
-5159
-5395
-5608
-5826
-5988
-6120
-6153
-6037
-5794
-5458
-5027
-4537
-4024
-3448
-2836
-2233
-1661
-1128
-684
-284
110
449
785
1093
1392
1670
2008
2295
2542
2757
2911
3029
3114
3205
3204
3209
3188
3101
3065
3050
2960
2862
2741
2558
2397
2237
2026
1833
1646
1473
1397
1370
1312
1337
1313
1328
1392
1434
1531
1602
1610
1677
1699
1696
1715
1704
1686
1673
1683
1725
1774
1817
1900
1990
2106
2270
2436
2632
2794
2977
3153
3316
3411
3477
3558
3539
3529
3489
3358
3096
2829
2483
2047
1618
1153
707
165
-286
-728
-1174
-1497
-1843
-2150
-2409
-2643
-2830
-3055
-3284
-3540
-3772
-3966
-4164
-4282
-4378
-4377
-4319
-4235
-4094
-3943
-3810
-3631
-3472
-3359
-3319
-3349
-3442
-3637
-3782
-3920
-4060
-4163
-4239
-4196
-4042
-3843
-3501
-3128
-2729
-2267
-1785
-1245
-773
-306
66
381
693
982
1257
1422
1604
1745
1873
2005
2111
2222
2225
2220
2217
2173
2092
2055
1919
1771
1621
1445
1287
1092
878
647
425
231
106
-10
-128
-215
-234
-242
-152
-75
9
140
277
441
678
913
1120
1370
1594
1833
2078
2301
2479
2630
2709
2830
2951
3046
3172
3285
3406
3521
3724
3878
4020
4190
4336
4497
4587
4715
4703
4658
4569
4397
4223
3915
3584
3210
2771
2335
1891
1410
858
325
-179
-710
-1195
-1679
-2112
-2499
-2896
-3243
-3570
-3867
-4142
-4394
-4662
-4875
-5057
-5232
-5377
-5438
-5460
-5474
-5399
-5363
-5278
-5128
-4969
-4775
-4649
-4563
-4507
-4542
-4569
-4578
-4605
-4603
-4556
-4439
-4250
-3930
-3509
-3029
-2459
-1828
-1130
-411
283
947
1531
2065
2502
2934
3279
3561
3763
3849
3916
3930
3870
3829
3693
3513
3339
3136
2945
2700
2426
2108
1834
1602
1350
1164
932
697
503
273
128
-20
-166
-327
-441
-522
-532
-484
-386
-259
-62
262
592
942
1286
1568
1861
2094
2356
2558
2709
2871
2963
3124
3237
3372
3459
3557
3638
3728
3811
3866
3873
3861
3796
3680
3561
3355
3129
2880
2587
2251
1896
1550
1169
778
329
-126
-589
-1043
-1504
-1952
-2361
-2749
-3061
-3272
-3458
-3629
-3765
-3843
-3911
-3946
-4013
-4071
-4175
-4252
-4286
-4335
-4288
-4257
-4156
-4014
-3857
-3676
-3478
-3278
-3177
-3099
-3086
-3156
-3223
-3322
-3386
-3509
-3589
-3594
-3520
-3333
-3016
-2655
-2210
-1706
-1112
-478
129
763
1314
1773
2177
2554
2828
2975
3049
3053
2987
2930
2857
2749
2569
2379
2175
1985
1805
1608
1413
1222
983
830
637
425
218
-16
-223
-432
-593
-717
-779
-802
-801
-776
-684
-541
-358
-151
70
351
690
1013
1338
1683
2016
2318
2613
2897
3165
3406
3635
3836
4026
4233
4401
4581
4709
4835
4937
5000
5035
5018
4927
4747
4543
4283
4009
3666
3314
2933
2515
2086
1618
1130
638
109
-412
-876
-1375
-1795
-2228
-2666
-2996
-3331
-3575
-3821
-4063
-4235
-4400
-4505
-4592
-4679
-4745
-4746
-4795
-4784
-4739
-4682
-4640
-4633
-4543
-4490
-4396
-4359
-4385
-4431
-4512
-4565
-4567
-4505
-4431
-4299
-4109
-3837
-3410
-2913
-2408
-1894
-1343
-712
-109
510
1048
1497
1820
2120
2410
2605
2713
2749
2734
2655
2589
2494
2347
2127
1932
1728
1536
1314
1085
863
569
311
106
-91
-375
-603
-842
-1084
-1250
-1357
-1404
-1371
-1235
-1034
-740
-386
26
439
919
1370
1877
2376
2836
3250
3610
3858
4103
4333
4474
4641
4733
4849
4997
5087
5238
5369
5467
5546
5614
5664
5634
5525
5341
5066
4725
4292
3831
3294
2730
2157
1581
1002
463
7
-475
-909
-1286
-1660
-1986
-2309
-2649
-2984
-3293
-3540
-3799
-4020
-4253
-4453
-4602
-4741
-4846
-4922
-4979
-5001
-5035
-4990
-4926
-4786
-4731
-4725
-4666
-4559
-4445
-4447
-4501
-4529
-4613
-4750
-4778
-4794
-4762
-4683
-4467
-4119
-3648
-3066
-2479
-1843
-1162
-418
348
1017
1653
2211
2627
2961
3240
3434
3480
3350
3200
3043
2846
2652
2392
2125
1815
1528
1303
1059
781
514
241
-89
-352
-612
-932
-1252
-1582
-1882
-2088
-2206
-2226
-2128
-1968
-1661
-1194
-633
0
689
1382
2063
2728
3362
3855
4246
4566
4776
4914
4996
5052
5058
5058
5040
5104
5171
5228
5325
5350
5384
5367
5367
5282
5088
4865
4562
4185
3743
3292
2806
2291
1799
1327
962
563
278
16
-186
-369
-593
-747
-963
-1226
-1427
-1725
-2050
-2379
-2750
-3136
-3520
-3848
-4200
-4509
-4847
-5072
-5268
-5432
-5514
-5530
-5553
-5525
-5582
-5651
-5665
-5657
-5705
-5867
-6011
-6166
-6259
-6323
-6264
-6016
-5703
-5252
-4538
-3695
-2731
-1637
-615
400
1400
2384
3206
3890
4451
4818
4984
5014
4995
4827
4511
4082
3642
3196
2772
2351
1933
1464
1005
658
303
-93
-473
-897
-1407
-1874
-2316
-2758
-3230
-3666
-4002
-4233
-4292
-4185
-3895
-3466
-2832
-1978
-963
88
1215
2317
3333
4265
5045
5659
6088
6305
6377
6357
6209
6009
5724
5431
5141
4934
4773
4648
4587
4488
4406
4312
4168
3995
3737
3454
3133
2778
2440
2091
1820
1494
1293
1145
1004
1009
1056
1172
1256
1327
1372
1332
1213
980
683
250
-254
-815
-1459
-2119
-2857
-3586
-4280
-5008
-5674
-6250
-6758
-7155
-7443
-7556
-7610
-7593
-7538
-7569
-7525
-7346
-7248
-7295
-7297
-7189
-7105
-6869
-6447
-5865
-5172
-4291
-3159
-1829
-375
1069
2536
3830
4994
6102
6925
7348
7570
7478
7133
6552
5905
5124
4168
3189
2286
1519
750
118
-479
-1049
-1501
-1845
-2184
-2490
-2798
-3104
-3429
-3706
-3868
-4026
-4179
-4265
-4145
-3841
-3307
-2598
-1694
-671
493
1758
3158
4459
5588
6625
7347
7850
8024
7974
7622
6968
6189
5355
4445
3554
2767
2053
1459
1052
894
860
884
962
1147
1302
1467
1671
1770
1842
1908
2030
2189
2353
2628
2896
3208
3566
3907
4150
4252
4229
4074
3745
3203
2504
1687
739
-367
-1424
-2532
-3639
-4697
-5668
-6567
-7345
-7974
-8474
-8927
-9189
-9254
-9154
-8922
-8546
-8103
-7810
-7450
-6949
-6435
-6191
-6046
-5870
-5643
-5352
-4750
-3973
-3147
-2143
-812
746
2390
4107
5597
6732
7629
8377
8747
8618
8044
7223
6154
4808
3589
2393
1137
-31
-934
-1515
-1948
-2085
-2228
-2366
-2486
-2420
-2263
-2295
-2446
-2539
-2689
-2887
-2815
-2565
-2325
-2110
-1580
-826
63
1154
2375
3503
4554
5558
6496
7169
7420
7303
6798
6101
5082
3940
2672
1243
-48
-1126
-1885
-2348
-2482
-2278
-1896
-1126
-161
872
1836
2677
3358
3866
4282
4588
4747
4755
4790
4951
5200
5451
5799
6100
6348
6527
6623
6531
6103
5326
4218
2994
1551
-28
-1551
-3183
-4755
-6030
-6993
-7703
-8166
-8443
-8494
-8351
-8129
-7799
-7457
-7137
-6925
-6613
-6251
-5880
-5442
-5285
-5445
-5622
-5494
-5339
-5575
-6047
-6269
-6368
-6352
-5941
-5179
-4290
-3278
-1905
-239
1475
3085
4483
5228
5700
6251
6451
6030
5230
4429
3431
2528
1873
1374
985
545
423
596
817
917
874
573
64
-331
-762
-1459
-2151
-2642
-2964
-3074
-2788
-2102
-1401
-669
386
1512
2653
3726
4659
5314
5658
5919
6031
5892
5352
4626
3788
2833
2057
1402
784
187
-106
-13
194
549
1018
1464
1819
2313
2820
3255
3526
3728
3880
4025
4236
4523
4769
4959
5200
5552
5973
6178
6276
6278
5959
5369
4669
3753
2632
1273
-92
-1344
-2556
-3525
-4330
-5062
-5531
-5776
-5868
-5958
-6076
-6049
-6083
-6255
-6385
-6538
-6892
-7160
-7188
-7191
-7079
-6686
-6177
-5883
-5891
-5948
-5721
-5578
-5989
-6749
-7471
-7858
-7929
-7625
-6853
-5725
-4193
-2212
73
2574
4916
6770
7949
8610
9047
8940
8063
6656
5100
3596
2153
992
247
-296
-710
-694
-328
101
423
428
41
-529
-1047
-1645
-2433
-3146
-3501
-3373
-2859
-1815
-359
1226
2717
4141
5651
6855
7528
7659
7409
6696
5693
4682
3475
2159
924
-30
-677
-1030
-1197
-1213
-1122
-916
-465
35
326
589
1002
1299
1664
2174
2854
3461
4164
5056
5971
6744
7291
7723
7724
7522
7160
6511
5598
4471
3286
2096
908
-100
-969
-1866
-2601
-3097
-3496
-3873
-4275
-4566
-4868
-5218
-5420
-5494
-5592
-5761
-5863
-5782
-5689
-5709
-5683
-5668
-5737
-5732
-5659
-5557
-5446
-5261
-5199
-5633
-6484
-6943
-6873
-7466
-8593
-9133
-9083
-8729
-7799
-6012
-3984
-1848
820
3714
6210
8287
9920
10241
9598
8931
8076
6296
4116
2403
1018
-216
-822
-655
-681
-704
-378
-76
-139
-368
-836
-1949
-3112
-3588
-3477
-3385
-2907
-1482
365
2432
4874
7133
8640
9335
9560
9082
7814
6105
4194
2073
125
-959
-1236
-1337
-1128
-274
557
1009
1518
1773
1116
16
-848
-1470
-2090
-2160
-1503
-459
1152
3344
5704
7749
9172
10037
10120
9369
7981
6095
3823
1456
-262
-1486
-2164
-2166
-1640
-836
58
946
1608
1382
511
-718
-2383
-4005
-5484
-6521
-7143
-6803
-5916
-4760
-3128
-1494
-455
-235
-352
-917
-2215
-4093
-6063
-7764
-9245
-10127
-10061
-9337
-8385
-6903
-5126
-4544
-4523
-4033
-3892
-5174
-7063
-7926
-8201
-8338
-7099
-4730
-2214
730
4306
7474
9600
11168
11518
9847
7292
5084
2545
-670
-3337
-4560
-4984
-4749
-3257
-1127
474
1760
3168
3583
2913
2102
905
-1033
-2355
-2084
-1281
-421
1392
4106
6524
8415
10315
11199
10100
8152
6078
3168
-135
-2621
-4345
-5667
-5654
-3966
-1699
394
2427
4380
5358
5342
4723
3441
1466
-345
-1064
-1152
-641
942
3203
5449
7798
9935
11020
10800
9587
7757
5090
2137
-333
-2465
-3952
-4301
-3436
-1932
-120
1864
3438
4241
4308
3569
2066
31
-2013
-3577
-4559
-4665
-4112
-3152
-1923
-604
372
502
123
-977
-3017
-5349
-7419
-8950
-10307
-11126
-10784
-9639
-8215
-6494
-4414
-3089
-2567
-2836
-4468
-6364
-7373
-8421
-10222
-11129
-10073
-8037
-5402
-1984
1557
4411
6463
7825
8258
7465
5725
3309
184
-2135
-2812
-3023
-3083
-2304
-562
1148
2466
3377
3597
2618
924
-497
-1577
-2324
-2401
-1754
-821
1046
3908
6210
7310
7883
8056
7179
5580
4090
2551
553
-1038
-1813
-1750
-1364
-792
-151
150
494
1046
1449
1395
1513
1703
2176
3201
4593
5693
6385
7270
8003
8264
8038
7594
6679
5478
4761
4216
3713
3113
2712
2593
2476
2309
1983
1391
627
3
-334
-426
-123
223
631
1366
2205
2912
2926
2623
2165
1129
-4
-796
-1604
-2538
-3240
-3418
-3310
-3339
-3604
-4063
-4712
-5530
-6327
-7149
-7938
-8254
-8369
-8271
-7467
-6299
-5228
-4268
-3661
-4524
-6390
-7305
-7394
-8440
-10118
-10543
-9615
-7972
-5447
-2211
468
2544
4339
5329
5487
5197
4061
1577
-740
-1548
-1320
-973
-658
130
1116
1811
2247
2065
1135
-397
-1936
-2832
-2776
-1973
-915
176
1623
3528
5428
6328
6010
5332
4374
3100
2319
2044
1767
1455
1393
1468
1530
1770
1586
490
-474
-604
-401
140
1431
3004
4573
6197
7966
9537
9799
9081
8065
6796
5467
4402
3517
2755
2679
3030
3506
4066
4220
3655
2711
1870
1185
333
-408
-693
-573
-115
929
2339
3077
3329
3461
3215
2743
1956
1029
191
-909
-1638
-1838
-2307
-3070
-3775
-4451
-5060
-5311
-5630
-6134
-6312
-6252
-6151
-5732
-5677
-5931
-6256
-6987
-7219
-6822
-6624
-6381
-5846
-6137
-7328
-7211
-6149
-6175
-7553
-8528
-8454
-7916
-6387
-4199
-2410
-751
1456
3354
4666
5815
5969
4340
2432
1558
1074
479
-475
-1385
-1668
-1603
-1421
-1275
-1295
-1744
-2226
-1988
-1085
-184
500
848
871
1607
2794
3080
2746
2666
2717
2726
3264
4116
4112
3327
2525
1601
180
-1014
-1694
-2571
-3114
-2151
-170
1913
4270
6521
8232
9310
9746
9796
9096
7507
5824
4661
3923
3599
3658
3482
3637
3990
3736
3360
3030
2161
1131
740
758
1107
1530
2000
2817
3478
3846
4237
4373
3957
3460
2965
2619
2474
1951
1239
429
-413
-1363
-2285
-3483
-4399
-4809
-4977
-4233
-3644
-3608
-3529
-3512
-4060
-4774
-5454
-6615
-7408
-7630
-7374
-6545
-5461
-4256
-3204
-2624
-3084
-4971
-7138
-8028
-8721
-10339
-11060
-10261
-8662
-6020
-2661
185
2443
4253
4896
5088
5247
4820
3397
1618
709
814
875
291
-263
-1013
-2078
-3029
-3696
-4115
-4413
-4579
-4097
-2979
-1774
-445
34
-229
210
1265
1704
2046
2886
3397
3789
4409
4640
3918
2489
959
-550
-2184
-2767
-1882
-890
115
2128
4629
6401
7700
8600
8417
7647
7165
7043
6704
6259
6459
6411
5830
5756
5479
4124
2725
1677
479
-46
284
583
1159
2131
3152
4285
4824
5007
5251
4816
4327
4461
4421
4190
3836
3213
2613
1993
910
-360
-1204
-2106
-2808
-3106
-3227
-3134
-2862
-2621
-2659
-3101
-3676
-4399
-5458
-6033
-6235
-6893
-7166
-6694
-6375
-5777
-4882
-4575
-4690
-4425
-4229
-4357
-4966
-6869
-9057
-9314
-8350
-8421
-8519
-7272
-5778
-3992
-1159
1306
2449
3386
3794
3419
3547
3667
2469
547
-611
-1145
-1707
-2338
-3250
-4386
-5368
-5806
-5769
-5189
-4547
-4226
-3607
-2443
-1102
-112
611
1161
1728
2966
4128
4909
5404
5596
5164
4390
3806
3149
2298
1414
906
688
1298
2954
4167
4504
5342
6002
6073
6470
6842
6333
6143
6855
7293
7739
8245
7674
6111
4810
3732
2187
932
147
-768
-852
300
1506
2296
3156
3946
4549
5228
5997
6115
5849
5606
5247
4901
4339
3275
1764
219
-836
-1577
-2033
-2353
-2628
-2619
-2557
-2628
-2504
-2630
-3493
-4234
-4584
-4794
-4855
-4995
-5221
-5365
-4987
-4324
-4392
-4782
-4703
-4783
-5399
-5477
-5321
-5675
-5769
-5455
-5081
-5077
-6184
-7846
-7531
-6165
-5930
-5505
-4276
-3335
-2238
-366
1019
1609
2028
1666
777
742
1111
196
-1503
-2415
-2766
-3270
-3560
-3947
-4787
-5513
-5665
-5553
-4974
-3761
-2717
-2091
-1208
142
1452
2397
2626
3093
3974
4634
4862
5015
4948
4200
3357
3012
2760
2268
1947
1665
1098
1113
2569
3412
3054
3262
3841
3929
4543
5224
5220
5836
6676
6902
7257
7409
6253
4505
3188
2155
1588
1065
723
1164
1994
2972
3983
4753
5339
5749
5628
5925
6405
6080
5347
4940
4023
2947
2209
1102
-146
-938
-1346
-1758
-2003
-2142
-2365
-2823
-3238
-3349
-3632
-3764
-3501
-3254
-2890
-2610
-2247
-2135
-2375
-2701
-3064
-3803
-4599
-5008
-5680
-6128
-5977
-5831
-5700
-4861
-3843
-2992
-1908
-1305
-1932
-3806
-5037
-4722
-4589
-5573
-6184
-5783
-5197
-3789
-1999
-817
9
352
124
-35
113
-304
-1452
-2845
-3450
-3121
-2648
-2627
-2934
-2874
-2673
-2418
-1767
-843
-572
-621
-133
320
572
1388
1863
1671
2307
3609
4214
4280
4546
4312
3581
2957
2560
2009
1462
728
-117
158
1335
1913
2229
2803
3155
3766
4545
5214
5834
6321
6357
6505
6701
6126
5206
4282
3583
3428
3530
3522
3748
3621
3171
3300
3339
2752
2337
2263
2470
2850
3318
3494
3273
2575
1422
772
-35
-981
-2014
-2664
-2637
-2512
-2351
-2057
-2033
-2584
-2992
-3004
-2788
-2494
-1967
-1601
-1157
-627
-847
-1555
-2388
-3394
-4431
-5346
-5992
-6089
-5725
-5290
-4674
-3768
-3000
-2421
-1961
-1552
-1137
-1000
-1084
-2262
-4580
-6101
-5595
-5170
-5788
-5876
-5510
-4940
-3741
-2535
-1923
-1688
-1584
-1712
-1576
-850
-360
-694
-1053
-757
-12
494
194
-453
-891
-1286
-1735
-1742
-1481
-1463
-1383
-937
-286
276
801
1100
1278
1963
3151
3984
4021
4262
4573
4384
4014
4014
3559
2365
1925
2587
3010
3325
4025
4449
4310
4529
5398
6026
6254
6353
6393
5980
5899
5901
5107
4324
3753
3199
2966
3206
3119
2532
2151
2206
2246
2083
1991
1991
1852
1882
2145
2073
1737
1322
851
472
83
-745
-1489
-1810
-1799
-1442
-969
-871
-1136
-1434
-1713
-2087
-2350
-2478
-2545
-2613
-2730
-2900
-3494
-4242
-4887
-5568
-5978
-5777
-5362
-5272
-4899
-4284
-4026
-3985
-3937
-3976
-4104
-3756
-3312
-2719
-2254
-2222
-2544
-3686
-5192
-5825
-5664
-5976
-6307
-6125
-5569
-4604
-3293
-2207
-1550
-969
-276
450
1057
1777
2084
2191
1933
1820
1855
1011
291
-497
-1314
-1874
-2400
-1892
-1880
-1733
-718
-154
750
1712
2784
3366
4463
5511
5634
5781
5917
5529
4971
4366
3773
3485
3707
3953
4065
4107
3492
3347
3954
3735
3337
3957
4066
3821
4193
4494
4127
3806
3682
3650
3669
3571
3248
3115
3073
2781
2335
1761
1485
1121
730
633
642
636
617
848
1161
1084
1121
887
395
52
-379
-785
-774
-594
-702
-908
-1197
-1771
-2246
-2105
-2188
-2684
-2824
-3014
-3589
-3920
-4003
-4558
-4941
-4695
-4565
-4155
-3481
-2920
-2805
-2941
-3164
-3569
-3917
-4018
-3890
-3720
-3195
-2471
-1919
-1589
-1664
-2652
-4341
-5336
-5330
-5484
-5942
-6044
-5677
-4970
-3925
-2844
-1899
-857
90
826
1420
1850
1681
1009
154
-277
-604
-1285
-1766
-1852
-1815
-1812
-1686
-1228
-564
77
801
1462
1889
2411
3059
3548
4035
4635
5098
5271
5104
5209
5330
4677
4349
4621
4949
5032
4659
3816
2990
2389
2006
1935
2094
2457
3132
3761
4110
4332
4241
4113
4191
4496
4383
3894
3467
2888
2365
2027
1828
1594
1651
1877
1980
1711
1462
1222
895
881
1024
1157
1178
946
708
774
228
-424
-482
-395
-487
-972
-1531
-2277
-2967
-3522
-3946
-4330
-4659
-4498
-4156
-3782
-3540
-3514
-3749
-3805
-3751
-3776
-3738
-3705
-3960
-4093
-3918
-3797
-3651
-3352
-3162
-3264
-3228
-3097
-3105
-3131
-3309
-4094
-5179
-5639
-5363
-4857
-4592
-4676
-4695
-4178
-3330
-2718
-2302
-1839
-1294
-740
-122
257
251
86
-5
274
656
763
789
718
904
1010
985
1141
1209
1495
1809
1990
2074
2284
2649
2897
3203
3859
4609
5244
5587
5495
5299
5577
6108
5995
5450
4726
4001
3438
2930
2574
2138
2099
2644
3205
3355
3292
3032
2623
2856
3250
3413
3632
3975
3972
3745
3172
2631
2247
2071
1994
1847
1840
1667
1334
757
295
-219
-332
-132
129
233
178
-139
-645
-1174
-2078
-3075
-3868
-4010
-3735
-3700
-3999
-3915
-3957
-3879
-3546
-3249
-3179
-3148
-2668
-2787
-2981
-3220
-3670
-4245
-4431
-4306
-4255
-4216
-4031
-3674
-3242
-2914
-3053
-3253
-3417
-2982
-2484
-2176
-1768
-1022
-353
-5
168
56
-441
-852
-1108
-1488
-1786
-2268
-2884
-3405
-3762
-3748
-3602
-3697
-3732
-3266
-2437
-1599
-835
-219
425
1260
1860
2397
2793
2837
2989
3105
3097
3325
3765
3921
4163
4583
4748
4635
4410
4094
3915
3610
3125
2850
2679
2541
2544
2534
2290
2051
2011
2057
2009
2121
2417
2422
2371
2502
2687
2902
3059
3238
3468
3925
4401
4590
4547
4362
3816
3104
2771
2891
2844
2498
2240
2149
1933
1670
1380
938
579
523
804
604
228
-347
-1386
-2328
-2787
-3078
-3527
-3624
-3468
-3211
-3123
-3413
-3897
-4348
-4668
-4737
-4417
-3931
-3607
-3398
-3311
-3424
-3486
-3529
-3661
-3810
-3978
-3966
-3886
-3984
-4149
-4327
-4482
-4607
-4511
-4176
-3506
-3114
-2995
-2781
-2756
-2742
-2838
-2961
-3146
-3358
-3874
-4595
-4959
-4798
-4476
-4448
-4323
-3881
-3089
-2210
-1304
-608
57
948
1814
2730
3480
4061
4400
4657
5023
5335
5494
5666
5663
5579
5356
5168
4821
4439
4273
3980
3825
3817
4020
3941
4044
4124
3976
4012
4136
4243
3969
3888
3916
3845
3659
3759
3726
3385
3116
3070
3034
2758
2651
2628
2597
2590
2557
2248
1965
1751
1701
1532
1438
1476
1494
1363
1161
857
187
-347
-809
-1078
-1197
-1319
-1435
-1447
-1651
-2118
-2735
-3191
-3746
-4301
-4435
-4472
-4328
-4208
-4052
-4086
-4081
-4016
-3854
-3435
-2815
-2401
-2270
-2062
-2117
-2168
-2478
-2603
-2642
-2595
-2407
-2236
-2213
-2273
-2546
-2924
-3294
-3764
-4056
-4344
-4373
-4258
-4038
-3745
-3407
-3155
-3029
-2920
-3002
-3084
-3082
-3283
-3524
-3522
-3135
-2569
-1882
-1198
-619
-88
601
1306
1792
2256
2739
3155
3595
4032
4190
4269
4115
3970
3757
3675
3820
3879
3992
4034
3984
3885
3948
3875
3373
2956
2725
2752
2999
3323
3502
3598
3787
3950
4182
4117
3850
3520
3157
3060
2989
2706
2401
2030
1852
1970
1986
2031
2187
2151
2250
2234
2256
2218
1996
1825
1450
1399
1375
1360
1253
1064
705
385
262
-99
-544
-955
-1478
-1851
-2085
-2531
-3104
-3529
-3793
-3903
-3803
-3691
-3608
-3563
-3356
-3296
-3332
-3446
-3501
-3277
-3104
-2853
-2435
-2100
-2032
-2321
-2464
-2773
-3000
-3103
-3260
-3521
-3883
-4207
-4530
-4824
-5209
-5451
-5534
-5440
-5213
-4800
-4561
-4565
-4273
-3843
-3609
-3280
-2889
-2642
-2284
-1686
-1074
-700
-437
-176
132
608
1050
1469
1758
1834
2056
2090
2058
2174
2294
2433
2598
2853
3105
3469
3844
4030
4152
4268
4377
4531
4616
4381
4298
4329
4142
3996
4062
3995
3814
3993
4263
4344
4481
4653
4637
4629
4535
4323
4113
4023
3942
3620
3363
3149
3009
2902
2787
2678
2461
2288
2087
2010
1922
1602
1297
1051
842
475
167
-8
-190
-484
-647
-940
-1294
-1496
-1766
-2036
-2292
-2625
-2744
-2801
-2824
-2974
-3224
-3257
-3219
-3076
-3080
-3157
-3189
-3169
-3097
-3101
-3107
-3242
-3378
-3194
-3036
-3028
-3263
-3553
-3875
-4202
-4515
-4677
-4658
-4660
-4710
-4788
-4654
-4556
-4491
-4504
-4661
-4617
-4535
-4281
-4135
-3903
-3508
-3156
-2562
-1926
-1222
-581
-16
432
667
779
1004
1475
1640
1475
1320
1157
1024
1098
1199
1135
1244
1567
1932
2366
2633
2920
3007
3039
3153
3131
3346
3673
3901
3975
4083
4202
4259
4168
3902
3463
3012
2798
2740
2641
2705
2857
2987
3300
3641
3739
3759
3668
3630
3658
3668
3537
3198
2725
2395
2098
1761
1455
1146
1015
1000
1048
1196
1199
1007
815
643
516
349
242
204
134
153
264
421
321
232
143
26
-181
-392
-572
-1015
-1375
-1709
-1982
-2294
-2497
-2705
-3001
-3106
-3194
-3371
-3651
-3974
-4487
-4932
-5222
-5382
-5375
-5398
-5203
-5051
-4873
-4685
-4549
-4296
-4219
-4141
-3977
-3750
-3776
-3958
-3945
-4045
-4214
-4198
-3929
-3512
-3009
-2415
-1952
-1539
-1062
-666
-394
-64
245
605
974
1221
1212
1203
1344
1372
1302
1339
1361
1184
1132
1413
1709
1779
2096
2529
2714
2901
3261
3645
3828
4178
4542
4740
4939
5005
4883
4493
3953
3545
3407
3268
3257
3309
3391
3617
3907
4119
4101
3960
3828
3815
3693
3641
3563
3143
2963
2777
2542
2253
1928
1855
1635
1363
1211
1132
1098
1027
948
837
673
633
637
625
546
552
530
396
276
-82
-364
-776
-1152
-1502
-1996
-2211
-2418
-2693
-2911
-3219
-3623
-4041
-4410
-4538
-4789
-5161
-5396
-5462
-5614
-5827
-5868
-6018
-5829
-5419
-5047
-4644
-4286
-3999
-3937
-4085
-4339
-4561
-4516
-4338
-4078
-3651
-3220
-2852
-2613
-2593
-2765
-2949
-3081
-2960
-2733
-2361
-1889
-1430
-983
-599
-238
250
704
1032
1447
1920
2198
2409
2567
2614
2547
2430
2428
2558
2780
2907
3135
3265
3346
3643
3929
4064
4183
4214
4114
4078
3984
3761
3529
3283
3040
2987
2859
2735
2580
2339
2288
2347
2426
2515
2699
2902
3095
3126
3132
3144
3168
3197
3222
3209
3076
2794
2520
2198
1880
1679
1484
1453
1344
1177
1149
1159
1075
950
900
766
732
762
727
571
345
64
-338
-630
-883
-1029
-1138
-1269
-1421
-1676
-1980
-2267
-2720
-3284
-3716
-3976
-4004
-3948
-3862
-3808
-3634
-3486
-3436
-3421
-3422
-3475
-3567
-3612
-3594
-3690
-3849
-4018
-4260
-4366
-4440
-4527
-4499
-4341
-4142
-4029
-4036
-3985
-3975
-4118
-4201
-4043
-3738
-3197
-2708
-2132
-1522
-1050
-565
-364
-101
151
536
851
1104
1351
1620
1898
1987
2067
2211
2343
2554
2836
2996
3258
3432
3422
3312
3406
3461
3438
3527
3541
3554
3406
3271
3160
2868
2550
2210
1945
1767
1601
1530
1561
1747
1960
2191
2433
2625
2869
3067
3222
3272
3302
3261
3202
3264
3191
3163
3083
3092
3157
3078
3034
2861
2592
2212
1840
1341
833
457
65
-197
-379
-417
-491
-646
-851
-1162
-1288
-1452
-1743
-1873
-2041
-2219
-2305
-2479
-2710
-2911
-3076
-3206
-3195
-3086
-2901
-2810
-2673
-2659
-2701
-2743
-2882
-3083
-3376
-3460
-3483
-3566
-3632
-3744
-3890
-4014
-4255
-4440
-4695
-4711
-4615
-4572
-4442
-4203
-3886
-3650
-3314
-2940
-2551
-2156
-1741
-1265
-735
-383
-140
48
159
307
454
707
943
1303
1680
2024
2359
2523
2740
2809
2846
2821
2797
2827
3037
3114
3134
3164
3213
3271
3335
3449
3398
3348
3264
3072
2728
2296
1947
1726
1550
1558
1703
1844
2073
2190
2267
2385
2348
2384
2257
2101
1946
1859
1791
1691
1574
1378
1372
1600
1863
2074
2316
2367
2229
2172
1947
1625
1312
1004
810
713
632
622
715
711
563
306
81
-168
-468
-730
-968
-1229
-1281
-1385
-1431
-1415
-1441
-1426
-1515
-1592
-1630
-1760
-1906
-2146
-2222
-2365
-2696
-2883
-2966
-3196
-3266
-3230
-3286
-3268
-3372
-3462
-3659
-3906
-4215
-4467
-4643
-4912
-4853
-4643
-4510
-4212
-3963
-3660
-3182
-2762
-2371
-1984
-1827
-1715
-1610
-1515
-1470
-1299
-1024
-644
-326
39
444
602
760
931
979
948
1142
1332
1639
1827
2097
2415
2577
2687
2774
2936
3096
3169
3129
3166
3031
2804
2755
2661
2473
2355
2247
2245
2117
2189
2352
2351
2449
2622
2560
2388
2353
2162
1810
1527
1414
1321
1228
1217
1237
1274
1338
1272
1086
1065
1136
1159
1200
1099
962
860
768
752
800
811
796
842
901
862
719
619
431
230
97
-10
-5
-18
-109
-211
-332
-514
-577
-751
-882
-1026
-1109
-1272
-1399
-1445
-1607
-1694
-1796
-1823
-1988
-2077
-2127
-2298
-2343
-2280
-2200
-2213
-2286
-2407
-2542
-2767
-2913
-3070
-3169
-3112
-3081
-2998
-2800
-2591
-2569
-2534
-2457
-2301
-2101
-1993
-1907
-1796
-1662
-1466
-1359
-1280
-1096
-955
-755
-495
-344
-210
-68
154
176
380
622
945
1227
1420
1698
1838
2019
2109
2096
2040
1981
1893
1850
1838
1809
1859
1819
1805
1930
2036
2208
2387
2487
2578
2670
2673
2652
2576
2480
2360
2251
2088
1955
1771
1646
1552
1497
1482
1447
1456
1421
1257
1014
806
542
300
153
68
103
152
242
412
373
289
235
119
-107
-285
-349
-390
-449
-414
-373
-445
-441
-332
-385
-517
-562
-651
-809
-802
-800
-904
-952
-969
-1036
-1129
-1177
-1328
-1494
-1646
-1735
-1844
-1951
-1962
-1979
-1905
-1914
-1903
-1800
-1798
-1773
-1833
-1792
-1715
-1616
-1413
-1303
-1243
-1255
-1229
-1222
-1245
-1244
-1175
-1044
-779
-529
-368
-365
-359
-415
-508
-425
-402
-235
-106
-141
-2
210
179
218
383
424
594
763
821
937
825
660
538
305
150
70
123
364
530
789
989
1055
1140
1276
1482
1648
1781
1981
2113
2105
2118
2035
1901
1703
1630
1563
1379
1395
1272
1050
914
749
762
719
640
530
385
323
173
87
50
76
46
84
202
251
265
97
-51
-124
-244
-293
-347
-407
-451
-441
-362
-376
-396
-410
-474
-550
-544
-522
-476
-368
-436
-336
-321
-352
-439
-583
-637
-718
-821
-871
-885
-971
-920
-1002
-1021
-1057
-1012
-963
-1002
-951
-913
-788
-735
-640
-571
-492
-379
-314
-273
-226
-234
-204
-143
-78
73
120
187
209
206
203
56
16
105
164
300
553
667
716
813
896
894
884
926
936
901
967
921
781
643
490
438
328
297
314
349
427
582
614
801
884
873
1011
1057
1132
1216
1178
967
807
559
396
259
137
5
-68
-79
-136
-320
-517
-634
-808
-942
-958
-842
-826
-769
-680
-766
-796
-830
-864
-850
-917
-895
-889
-996
-1107
-1182
-1271
-1407
-1482
-1338
-1225
-1163
-1065
-984
-996
-1009
-982
-993
-987
-979
-900
-904
-891
-906
-971
-1039
-1065
-1054
-1133
-1007
-934
-864
-782
-761
-653
-538
-392
-356
-345
-241
-204
-32
155
266
387
490
628
650
690
699
716
743
720
792
853
879
954
944
1068
1149
1207
1355
1426
1465
1457
1525
1639
1729
1855
1975
2022
2128
2250
2337
2320
2307
2256
2147
2107
2088
1933
1656
1493
1363
1188
1140
1134
1092
1078
1024
1137
1154
1058
1019
872
823
794
659
535
368
218
105
-48
-206
-350
-494
-631
-734
-797
-968
-1100
-1246
-1332
-1269
-1203
-1069
-1015
-1072
-1044
-1103
-1148
-1317
-1514
-1575
-1677
-1699
-1666
-1681
-1790
-1889
-1943
-2042
-2001
-1834
-1708
-1803
-1725
-1705
-1731
-1727
-1866
-1986
-1909
-1771
-1699
-1653
-1631
-1580
-1619
-1540
-1553
-1520
-1388
-1185
-1002
-917
-823
-664
-595
-545
-376
-233
-47
125
266
321
390
406
395
403
445
549
505
483
423
461
494
512
577
649
812
934
1083
1239
1323
1345
1419
1450
1452
1590
1789
1934
2061
2210
2233
2274
2375
2363
2330
2231
2157
2191
2189
2118
2093
1970
1832
1728
1592
1558
1562
1493
1442
1468
1368
1346
1322
1167
1092
1027
943
847
738
499
360
239
85
-99
-180
-256
-336
-417
-545
-575
-707
-820
-876
-1017
-1077
-1155
-1233
-1305
-1424
-1548
-1669
-1800
-1929
-1942
-2057
-2130
-2154
-2248
-2295
-2347
-2437
-2463
-2420
-2375
-2257
-2142
-2140
-2183
-2191
-2183
-2202
-2179
-2134
-2099
-1968
-1886
-1752
-1627
-1552
-1447
-1327
-1267
-1106
-960
-881
-765
-672
-476
-377
-286
-98
-96
-8
50
-9
-27
-36
-57
-63
19
57
148
363
556
600
714
871
1040
1246
1356
1454
1603
1771
2022
2243
2363
2461
2607
2659
2542
2546
2442
2370
2330
2303
2311
2287
2302
2242
2287
2330
2385
2402
2375
2269
2125
2084
2006
1902
1813
1772
1648
1601
1664
1676
1618
1543
1461
1343
1264
1111
957
919
721
575
424
321
274
214
223
131
37
-52
-146
-326
-476
-608
-792
-889
-1068
-1267
-1399
-1497
-1647
-1883
-2071
-2303
-2392
-2469
-2561
-2666
-2713
-2700
-2786
-2824
-2787
-2771
-2774
-2701
-2579
-2536
-2482
-2437
-2412
-2419
-2332
-2223
-2135
-1956
-1885
-1796
-1782
-1774
-1777
-1695
-1649
-1593
-1391
-1252
-1243
-1253
-1253
-1209
-1190
-1191
-1174
-1196
-1160
-1088
-1031
-1012
-902
-828
-701
-570
-422
-179
95
224
403
604
778
996
1211
1410
1605
1883
2173
2414
2621
2681
2668
2725
2758
2724
2683
2693
2750
2784
2779
2775
2679
2562
2545
2476
2415
2385
2367
2307
2279
2211
2126
2062
1931
1816
1807
1725
1821
1855
1825
1794
1695
1675
1597
1458
1242
1081
937
750
582
469
377
284
153
6
-67
-147
-346
-517
-634
-783
-972
-1136
-1379
-1637
-1771
-1916
-2075
-2168
-2261
-2302
-2418
-2477
-2495
-2481
-2471
-2447
-2353
-2298
-2147
-2019
-1928
-1941
-1875
-1809
-1722
-1660
-1515
-1441
-1326
-1185
-1246
-1196
-1261
-1300
-1326
-1377
-1364
-1300
-1155
-1072
-1000
-973
-888
-897
-902
-917
-1062
-1006
-1014
-983
-950
-969
-965
-969
-950
-948
-814
-615
-417
-293
-101
65
252
489
660
835
979
1210
1466
1617
1831
1900
1959
2016
2009
2134
2256
2354
2442
2398
2395
2398
2374
2348
2335
2380
2438
2509
2631
2734
2747
2823
2709
2649
2558
2527
2421
2274
2254
2128
2086
1945
1863
1773
1689
1585
1407
1191
1056
959
814
777
643
349
156
-111
-306
-481
-742
-972
-1191
-1369
-1543
-1570
-1737
-1869
-2086
-2338
-2477
-2457
-2369
-2307
-2301
-2351
-2357
-2327
-2215
-2197
-2169
-2150
-2144
-2035
-1971
-1916
-1837
-1898
-1860
-1889
-1858
-1838
-1849
-1838
-1893
-1879
-1919
-1991
-2023
-1969
-1912
-1887
-1763
-1692
-1648
-1602
-1607
-1532
-1502
-1412
-1357
-1294
-1197
-1050
-920
-881
-843
-809
-788
-633
-464
-295
-118
11
210
364
521
611
693
747
751
766
841
879
895
939
981
1060
1191
1339
1483
1613
1715
1760
1912
2008
2090
2246
2327
2452
2589
2835
2965
3069
3186
3195
3232
3242
3205
3205
3182
3130
3061
2986
2856
2769
2649
2414
2218
2056
1873
1716
1627
1452
1349
1206
990
892
793
607
469
339
219
197
116
53
-44
-202
-347
-478
-598
-730
-855
-940
-1021
-1061
-1073
-1153
-1187
-1259
-1333
-1348
-1380
-1391
-1377
-1366
-1347
-1400
-1490
-1607
-1735
-1807
-1881
-1968
-2049
-2120
-2231
-2304
-2345
-2329
-2322
-2353
-2296
-2223
-2119
-1998
-1911
-1892
-1905
-1799
-1709
-1629
-1557
-1436
-1417
-1406
-1376
-1361
-1316
-1358
-1358
-1357
-1280
-1160
-1077
-998
-971
-893
-775
-700
-651
-564
-531
-482
-430
-346
-240
-217
-177
-143
-81
-19
125
218
322
466
610
780
971
1088
1253
1459
1559
1722
1904
2121
2297
2470
2632
2698
2841
2884
2890
2811
2741
2675
2539
2468
2324
2213
2080
1956
1903
1867
1813
1746
1696
1616
1510
1398
1287
1183
1091
1038
951
921
819
722
624
548
402
240
89
-115
-202
-355
-487
-569
-676
-733
-764
-820
-867
-871
-902
-974
-1006
-1061
-1135
-1210
-1346
-1414
-1538
-1706
-1829
-1900
-1961
-2026
-2040
-2023
-2063
-2083
-2036
-1968
-1948
-1903
-1918
-1839
-1733
-1687
-1508
-1385
-1234
-1046
-878
-788
-665
-565
-471
-450
-447
-452
-424
-387
-341
-294
-270
-202
-143
-83
-44
50
88
134
151
162
195
197
212
237
268
340
378
414
531
626
684
770
853
963
1054
1169
1228
1344
1435
1518
1647
1711
1800
1871
1953
2040
2020
1987
1944
1843
1794
1689
1619
1503
1417
1352
1297
1292
1214
1202
1087
1010
1056
1021
1030
1058
984
952
850
827
782
668
590
429
314
151
-42
-201
-400
-576
-702
-806
-809
-800
-806
-779
-784
-762
-759
-759
-676
-672
-683
-723
-760
-747
-780
-837
-930
-987
-1032
-998
-1013
-1063
-1151
-1257
-1303
-1414
-1488
-1562
-1650
-1731
-1774
-1806
-1754
-1799
-1789
-1680
-1701
-1670
-1636
-1589
-1548
-1452
-1422
-1362
-1231
-1256
-1249
-1199
-1153
-1156
-1124
-1084
-1147
-1127
-1083
-1054
-971
-883
-772
-645
-587
-432
-291
-218
-39
49
180
296
408
539
605
680
707
751
786
841
942
1025
1117
1229
1300
1348
1376
1475
1498
1498
1507
1499
1568
1549
1613
1643
1640
1594
1671
1688
1717
1817
1795
1741
1694
1636
1573
1515
1390
1330
1205
1123
1071
1027
1043
991
948
906
796
762
788
708
571
513
460
409
388
345
317
341
347
314
222
123
96
3
-91
-140
-232
-220
-219
-231
-182
-170
-152
-166
-164
-216
-259
-250
-308
-430
-540
-664
-725
-763
-822
-822
-887
-943
-964
-1001
-1056
-1073
-1130
-1106
-1087
-1056
-946
-941
-859
-874
-936
-965
-1047
-1089
-1216
-1254
-1314
-1432
-1466
-1492
-1529
-1572
-1545
-1552
-1386
-1310
-1247
-1165
-1038
-827
-690
-533
-477
-376
-293
-243
-158
-46
46
149
205
245
320
352
396
457
427
526
640
744
816
877
898
976
1079
1102
1212
1273
1284
1257
1226
1170
1180
1114
1041
1022
976
955
939
907
872
831
837
804
762
715
705
652
539
436
381
364
309
287
262
229
237
218
98
72
-46
-108
-234
-388
-525
-643
-697
-782
-780
-726
-693
-690
-611
-582
-561
-528
-505
-501
-514
-505
-434
-412
-462
-458
-515
-510
-541
-580
-589
-606
-610
-605
-565
-563
-493
-443
-457
-418
-311
-263
-179
-173
-83
-34
-21
76
39
32
6
-36
-65
-75
-157
-134
-144
-126
-98
-72
3
2
61
121
173
204
179
228
208
199
238
213
263
288
254
274
220
165
137
112
83
104
105
103
162
185
289
334
355
400
437
493
551
623
672
691
722
690
676
672
641
656
610
554
484
479
422
372
285
197
109
63
17
-14
-46
-75
-56
-40
41
109
210
226
245
253
207
196
149
50
-26
-129
-192
-256
-269
-241
-261
-267
-267
-210
-174
-106
-78
-77
-48
66
58
42
85
22
59
48
25
25
-30
-47
-145
-185
-251
-288
-307
-402
-449
-500
-557
-548
-514
-534
-501
-471
-424
-356
-355
-360
-363
-388
-406
-482
-577
-600
-628
-641
-653
-561
-520
-470
-439
-383
-300
-254
-126
-61
19
72
182
229
304
274
284
259
242
249
228
245
238
187
143
157
135
171
175
136
156
222
223
287
386
413
472
507
445
396
342
259
241
181
178
103
1
-68
-195
-241
-309
-377
-455
-529
-563
-536
-500
-481
-403
-356
-303
-215
-157
-129
-75
-86
-130
-107
-141
-149
-162
-198
-157
-184
-211
-192
-141
-103
-44
22
107
156
143
251
266
339
404
393
451
420
438
420
434
328
291
225
173
190
144
192
103
65
84
42
54
42
111
149
119
194
205
218
240
265
266
292
307
321
296
311
332
297
294
268
286
316
382
364
328
333
361
365
414
463
470
444
404
359
297
292
163
195
112
42
79
49
90
66
103
102
101
178
154
103
110
42
-22
-10
-47
-57
-93
-130
-118
-139
-165
-177
-188
-219
-242
-281
-318
-367
-467
-511
-649
-643
-636
-633
-541
-545
-413
-383
-382
-312
-287
-299
-298
-244
-220
-195
-185
-171
-178
-177
-172
-178
-144
-229
-270
-321
-377
-400
-441
-457
-481
-508
-490
-495
-458
-349
-386
-336
-332
-370
-293
-284
-332
-328
-403
-446
-455
-505
-537
-621
-624
-662
-657
-660
-650
-643
-630
-533
-532
-456
-410
-319
-261
-156
-57
-12
86
195
268
311
444
510
582
636
629
668
729
735
725
763
791
817
931
938
948
1009
957
962
969
922
957
948
959
959
983
1007
999
963
894
857
806
755
707
654
585
557
524
483
442
453
408
411
366
326
275
217
194
72
-8
-96
-161
-247
-373
-411
-517
-565
-587
-574
-551
-576
-555
-604
-613
-674
-701
-736
-734
-726
-751
-714
-766
-792
-772
-793
-787
-815
-781
-730
-766
-740
-716
-730
-727
-702
-631
-629
-529
-486
-409
-285
-309
-211
-203
-140
-105
-68
23
3
36
101
155
162
195
178
200
153
174
144
119
159
152
195
193
213
255
306
333
412
489
525
540
542
564
579
615
638
638
657
709
713
675
677
645
564
546
530
519
519
493
492
504
500
570
588
611
681
703
729
720
659
611
576
547
574
522
492
435
338
338
231
152
95
7
20
-42
-74
-78
-123
-141
-162
-222
-239
-290
-322
-370
-441
-451
-517
-573
-618
-639
-698
-779
-803
-867
-911
-948
-995
-1020
-1058
-1094
-1102
-1103
-1130
-1083
-1129
-1121
-1135
-1158
-1131
-1155
-1117
-1127
-1135
-1155
-1107
-1132
-1109
-1057
-1027
-969
-928
-829
-812
-764
-697
-628
-535
-453
-353
-301
-242
-139
-134
-88
-71
-91
-56
0
49
87
117
175
225
278
355
423
507
610
696
750
851
879
924
984
988
1008
1099
1177
1187
1241
1231
1244
1261
1207
1233
1235
1226
1259
1237
1231
1205
1208
1169
1180
1176
1158
1196
1172
1125
1070
1017
921
895
813
738
672
580
510
438
393
347
304
299
260
262
225
219
187
109
80
49
77
29
73
74
108
94
65
45
-38
-60
-80
-145
-230
-294
-383
-467
-539
-602
-678
-772
-821
-891
-990
-993
-1050
-1084
-1123
-1133
-1122
-1103
-1055
-1031
-1008
-1012
-989
-979
-948
-949
-891
-904
-905
-898
-912
-842
-805
-768
-727
-702
-727
-653
-600
-596
-533
-494
-516
-505
-507
-510
-440
-440
-417
-368
-332
-266
-183
-190
-148
-133
-86
-56
-5
99
149
238
327
392
487
571
626
707
717
813
846
914
961
1000
1031
1011
1034
1014
987
958
922
868
819
769
702
652
646
595
564
590
550
599
589
602
629
609
577
535
477
403
351
256
209
111
73
-9
-7
-63
-146
-114
-178
-189
-152
-144
-182
-162
-174
-202
-243
-239
-267
-290
-291
-352
-369
-466
-564
-656
-749
-872
-956
-997
-1041
-1036
-1069
-1047
-1015
-1014
-963
-961
-943
-883
-833
-819
-806
-798
-781
-787
-810
-800
-804
-797
-784
-791
-755
-737
-676
-626
-548
-519
-412
-337
-282
-143
-74
39
157
274
326
406
439
418
514
507
495
561
558
638
726
777
906
985
1054
1163
1157
1235
1293
1316
1384
1391
1363
1367
1322
1291
1294
1234
1212
1194
1143
1129
1101
1049
1007
930
890
836
838
826
804
850
849
847
872
862
853
862
831
778
715
605
509
422
308
347
284
230
188
163
154
104
45
-31
-76
-141
-168
-273
-298
-306
-392
-421
-501
-580
-587
-686
-713
-794
-873
-901
-991
-1048
-1123
-1153
-1225
-1279
-1329
-1356
-1386
-1425
-1448
-1478
-1498
-1514
-1464
-1509
-1520
-1497
-1500
-1469
-1469
-1449
-1387
-1387
-1354
-1306
-1287
-1272
-1214
-1208
-1167
-1139
-1089
-1055
-982
-916
-829
-725
-658
-524
-453
-385
-342
-297
-287
-239
-195
-193
-107
-47
-37
35
119
181
270
377
426
510
567
629
680
763
814
842
943
1001
1063
1119
1145
1212
1184
1188
1222
1165
1197
1198
1144
1201
1206
1215
1197
1174
1209
1173
1213
1173
1156
1124
1138
1118
1088
1071
1055
1053
1006
993
973
950
915
889
796
728
678
608
501
451
400
355
295
268
251
241
251
236
254
214
201
173
153
100
61
27
-10
-77
-150
-157
-235
-304
-370
-440
-512
-577
-622
-682
-734
-742
-770
-801
-843
-887
-936
-923
-980
-1001
-1023
-1002
-1024
-1068
-1048
-1134
-1107
-1129
-1171
-1133
-1141
-1096
-1059
-1032
-1018
-974
-907
-861
-797
-713
-642
-591
-486
-440
-348
-280
-231
-133
-126
-52
28
77
127
127
155
175
159
203
291
332
314
382
413
434
494
461
478
535
552
645
663
700
717
723
695
666
634
626
619
598
672
637
633
622
600
609
551
585
579
580
581
582
570
481
482
427
395
319
272
267
205
180
112
25
-61
-117
-173
-245
-238
-271
-275
-266
-283
-267
-285
-291
-287
-310
-305
-314
-382
-404
-463
-490
-495
-574
-580
-611
-625
-596
-622
-612
-624
-594
-578
-556
-560
-520
-543
-534
-524
-555
-560
-538
-531
-521
-489
-527
-556
-583
-567
-592
-598
-588
-533
-502
-452
-373
-389
-331
-293
-287
-212
-169
-125
-73
-16
4
20
71
94
137
194
256
299
389
436
451
506
507
503
518
528
501
571
617
699
770
799
859
864
906
913
936
946
932
965
924
951
931
914
940
903
939
976
983
1014
1029
1016
974
909
841
818
772
744
648
616
627
546
549
498
442
382
309
250
176
100
50
-17
-99
-125
-186
-209
-231
-270
-268
-302
-268
-321
-358
-416
-445
-439
-470
-424
-444
-450
-424
-508
-562
-597
-667
-680
-701
-722
-759
-806
-795
-828
-815
-801
-829
-844
-837
-829
-851
-888
-956
-978
-983
-950
-967
-899
-890
-889
-847
-857
-812
-754
-732
-698
-644
-596
-587
-547
-552
-511
-449
-453
-363
-287
-270
-146
-92
-62
-26
17
60
75
118
104
132
182
190
187
208
249
246
280
312
370
464
470
557
596
584
615
659
664
669
664
670
675
674
614
612
594
533
519
476
459
409
412
371
357
347
352
402
405
437
415
426
425
413
384
315
265
246
222
206
218
209
215
201
188
194
212
171
169
135
131
127
141
130
106
119
100
101
32
11
-22
-63
-115
-147
-197
-236
-250
-329
-353
-372
-359
-371
-349
-348
-348
-315
-321
-367
-385
-399
-390
-336
-318
-207
-167
-101
-38
-62
-96
-118
-156
-205
-222
-201
-201
-232
-222
-251
-297
-301
-271
-291
-275
-219
-211
-147
-92
-100
-71
-116
-107
-109
-138
-137
-130
-115
-96
-77
-59
-56
-19
-23
-29
28
38
53
115
145
208
237
234
256
249
310
347
328
335
361
393
382
396
377
444
436
421
472
486
517
558
577
593
591
617
644
623
626
626
625
599
556
527
514
479
403
366
304
250
206
158
147
62
82
37
-4
-11
-93
-117
-184
-223
-279
-313
-360
-451
-465
-520
-534
-522
-537
-574
-570
-578
-596
-600
-634
-600
-641
-651
-619
-629
-576
-574
-545
-541
-513
-463
-418
-406
-370
-383
-395
-381
-411
-427
-445
-439
-406
-446
-378
-350
-410
-331
-366
-367
-350
-308
-315
-292
-298
-283
-272
-260
-212
-222
-179
-183
-146
-130
-111
-110
-122
-94
-108
-138
-142
-103
-91
-72
-76
-37
-34
11
49
52
87
94
148
172
200
265
318
391
440
501
549
550
598
588
613
601
638
652
681
707
724
762
721
800
734
756
757
750
747
716
734
656
625
545
531
444
414
369
323
276
226
222
164
182
114
116
95
71
86
79
93
29
33
4
-56
-34
-92
-87
-96
-159
-130
-171
-131
-123
-161
-170
-182
-174
-151
-130
-87
-48
-64
-35
-24
-5
8
-35
-38
-65
-48
-42
-83
-124
-199
-235
-274
-292
-344
-335
-299
-316
-309
-324
-330
-365
-355
-352
-310
-279
-257
-193
-160
-130
-136
-116
-111
-135
-118
-161
-204
-237
-240
-272
-289
-277
-325
-315
-306
-291
-287
-301
-291
-323
-294
-294
-296
-252
-233
-228
-209
-198
-200
-165
-162
-165
-131
-73
-63
-25
7
28
44
52
92
86
111
148
167
210
210
214
234
222
203
223
212
206
248
265
270
279
310
289
298
283
287
293
293
286
309
341
345
374
405
371
368
323
278
265
223
180
179
151
173
152
129
143
80
110
67
53
15
-30
-68
-64
-80
-137
-103
-162
-168
-164
-153
-163
-180
-184
-205
-211
-244
-232
-233
-289
-271
-332
-344
-276
-290
-263
-251
-220
-232
-191
-124
-89
-53
-45
6
-27
23
-20
-33
-27
-118
-67
-112
-107
-98
-97
-100
-147
-106
-152
-134
-116
-120
-97
-77
-17
9
40
85
106
168
187
200
229
223
196
201
225
181
150
126
81
68
54
32
26
41
19
12
17
7
10
-29
-41
-25
-53
-33
-48
-65
-62
-28
-49
-80
-55
-74
-55
-83
-78
-106
-95
-43
-48
-12
-34
-21
-23
-39
-26
-64
-26
-65
-21
0
4
9
12
24
27
84
108
152
214
282
320
366
382
406
420
426
433
422
427
442
467
484
458
443
415
387
348
323
287
281
267
180
221
177
139
147
77
45
5
-27
-94
-106
-125
-176
-206
-252
-302
-332
-339
-404
-445
-443
-503
-470
-494
-512
-494
-546
-500
-463
-441
-406
-387
-368
-355
-322
-318
-314
-304
-276
-260
-252
-269
-216
-194
-184
-155
-179
-156
-158
-193
-200
-188
-201
-156
-122
-85
-65
-53
-52
-33
17
32
67
96
83
142
164
184
209
219
212
252
276
286
281
238
317
287
248
278
267
242
214
206
126
109
63
40
45
17
60
40
45
55
55
61
22
27
30
8
19
-37
-31
-16
-35
-73
-49
-67
-28
-6
1
53
17
31
-8
-19
-8
-26
-70
-109
-104
-123
-163
-127
-156
-139
-138
-113
-81
-82
-14
-20
20
45
63
64
83
58
72
114
71
87
142
139
175
203
168
226
198
207
231
225
223
241
223
252
275
294
319
327
386
374
399
322
353
313
274
290
243
320
262
270
276
270
242
270
240
185
158
68
66
-5
-16
-40
-34
-28
13
-8
3
6
-7
-44
-102
-119
-152
-148
-195
-261
-304
-326
-390
-379
-391
-398
-383
-350
-348
-311
-289
-314
-296
-265
-242
-187
-190
-197
-150
-168
-176
-178
-201
-230
-230
-240
-272
-233
-262
-197
-177
-147
-100
-83
-6
-27
40
36
58
68
59
18
-19
-33
-31
-94
-143
-121
-184
-163
-188
-206
-183
-177
-199
-197
-214
-201
-234
-213
-175
-151
-115
-128
-53
-51
-33
0
-13
5
20
4
-16
-29
-37
-53
-84
-52
-27
-39
2
15
53
78
68
53
30
-10
3
35
2
42
67
57
25
23
3
-32
-2
-2
-47
-17
6
-13
-19
-11
-14
-23
-48
-56
-61
-69
-78
-74
-165
-176
-217
-258
-313
-333
-298
-324
-250
-245
-182
-141
-124
-121
-125
-93
-104
-95
-26
-8
12
28
52
77
116
178
224
224
274
323
362
393
427
453
468
483
519
528
570
592
603
669
653
624
606
620
609
592
640
636
666
714
672
704
675
654
625
608
572
577
560
504
478
411
441
383
383
411
385
418
415
406
381
363
352
301
267
256
246
225
212
161
144
145
112
124
65
66
12
-42
-52
-96
-123
-179
-223
-222
-250
-288
-290
-336
-379
-458
-457
-497
-553
-566
-611
-644
-674
-702
-744
-732
-760
-750
-767
-821
-797
-819
-839
-864
-858
-907
-899
-906
-902
-922
-921
-893
-941
-917
-919
-875
-865
-842
-817
-815
-798
-791
-778
-762
-754
-763
-718
-724
-716
-637
-635
-588
-525
-433
-389
-316
-297
-283
-221
-204
-163
-179
-116
-88
-55
-6
29
71
101
183
261
272
362
393
409
429
475
512
529
602
598
627
670
657
645
661
675
674
684
724
737
793
825
865
871
902
944
923
926
912
922
888
919
896
920
869
854
859
802
796
761
726
702
665
601
567
541
518
472
452
426
410
404
359
342
329
318
293
299
288
240
238
212
188
175
160
123
114
81
70
43
-5
-22
-89
-114
-152
-171
-212
-241
-292
-336
-373
-404
-451
-499
-482
-510
-541
-538
-571
-622
-619
-638
-670
-697
-717
-689
-695
-658
-639
-624
-622
-607
-574
-594
-577
-568
-552
-551
-524
-544
-509
-477
-467
-376
-422
-363
-380
-386
-369
-369
-342
-306
-263
-256
-236
-205
-208
-165
-122
-116
-84
-28
42
39
95
110
108
84
102
115
126
153
163
184
178
188
223
226
247
259
266
300
293
318
305
326
300
327
316
347
359
357
392
360
392
370
357
331
282
283
268
266
287
267
298
309
249
266
274
233
223
202
192
193
198
192
173
197
200
191
197
144
102
97
51
32
-42
-92
-132
-163
-204
-231
-236
-274
-267
-300
-326
-375
-415
-470
-537
-589
-650
-674
-731
-773
-789
-816
-820
-845
-848
-873
-878
-908
-889
-871
-862
-818
-768
-749
-714
-653
-595
-553
-469
-453
-408
-314
-297
-222
-187
-111
-70
-4
92
116
172
230
263
313
369
443
482
534
603
660
688
737
760
789
829
846
897
916
934
936
921
919
972
987
1012
1017
1054
1051
1056
1030
1014
1012
984
988
979
966
954
892
827
768
678
626
576
548
505
524
513
493
525
518
487
460
413
363
342
293
219
190
122
58
-2
-66
-58
-101
-110
-152
-177
-190
-218
-242
-303
-338
-370
-418
-449
-499
-551
-543
-594
-614
-630
-653
-669
-685
-702
-724
-744
-765
-798
-818
-784
-807
-788
-764
-783
-789
-785
-770
-804
-787
-812
-807
-791
-831
-793
-817
-803
-819
-827
-825
-838
-772
-778
-787
-745
-756
-729
-700
-734
-737
-724
-690
-674
-661
-624
-616
-568
-523
-498
-458
-394
-367
-360
-297
-268
-195
-181
-150
-61
-37
27
60
113
166
227
294
370
423
446
522
539
593
594
597
628
617
623
632
637
665
697
721
744
748
737
770
786
804
839
804
804
808
784
792
776
817
813
783
826
759
770
757
717
735
727
715
692
690
666
643
583
539
535
493
539
512
471
463
435
436
359
342
298
310
256
229
229
150
170
125
122
93
48
49
25
11
-17
-38
-66
-95
-157
-209
-274
-329
-377
-447
-532
-576
-616
-647
-663
-695
-688
-718
-686
-740
-700
-686
-757
-715
-735
-742
-741
-779
-775
-769
-758
-750
-724
-695
-700
-654
-597
-582
-583
-541
-498
-494
-447
-350
-333
-224
-172
-155
-101
-98
-72
-17
25
29
88
116
154
176
217
192
187
200
184
233
231
276
275
282
307
331
337
338
341
316
349
363
381
389
367
396
378
389
395
419
406
379
385
373
392
357
390
339
347
337
306
323
287
258
232
202
167
128
105
67
41
34
28
49
76
86
91
105
72
43
40
-32
-42
-36
-72
-85
-91
-110
-116
-129
-170
-208
-245
-275
-284
-327
-363
-360
-430
-495
-470
-522
-554
-552
-608
-582
-601
-600
-610
-620
-646
-644
-630
-647
-623
-629
-591
-578
-527
-489
-500
-469
-416
-378
-367
-337
-334
-295
-270
-271
-246
-232
-206
-177
-161
-123
-90
-50
-35
13
74
96
146
196
250
287
319
337
364
397
367
407
421
464
500
525
550
539
576
598
581
621
623
649
695
691
752
718
729
693
687
681
674
677
679
698
684
732
743
739
759
774
752
761
803
718
731
718
698
736
720
701
670
623
602
562
493
434
400
352
327
307
238
239
218
152
157
77
28
23
-43
-95
-162
-221
-301
-342
-411
-434
-446
-477
-488
-496
-524
-550
-603
-683
-722
-796
-818
-879
-884
-911
-946
-954
-1013
-977
-1009
-1030
-1003
-1053
-1063
-1086
-1090
-1120
-1098
-1104
-1121
-1066
-1049
-1026
-993
-917
-902
-841
-790
-721
-697
-638
-584
-525
-482
-382
-311
-244
-165
-128
-106
-92
-41
-41
4
28
58
116
99
143
139
157
180
140
173
191
188
187
204
197
208
242
226
238
288
300
337
352
372
360
396
416
481
492
525
579
606
640
696
693
733
747
744
768
734
780
748
773
772
761
779
777
755
744
745
696
711
695
659
685
654
651
657
614
580
568
570
492
477
438
411
384
295
257
205
144
128
74
7
-50
-101
-113
-159
-197
-233
-244
-307
-338
-388
-427
-453
-502
-501
-580
-617
-634
-674
-699
-746
-745
-759
-775
-796
-782
-798
-795
-785
-792
-764
-787
-783
-803
-806
-786
-788
-790
-688
-659
-596
-553
-549
-473
-454
-395
-355
-331
-266
-238
-174
-122
-111
-79
-41
16
31
81
122
195
221
268
310
308
357
371
413
446
524
576
602
673
711
743
749
747
750
753
737
763
776
800
805
775
799
742
708
707
668
658
632
637
588
589
575
556
536
447
454
421
370
384
309
285
239
217
193
137
135
113
97
50
29
0
-16
-48
-132
-178
-228
-278
-324
-367
-418
-464
-516
-538
-558
-567
-574
-606
-593
-636
-627
-630
-616
-578
-605
-586
-564
-602
-567
-587
-603
-566
-559
-581
-549
-496
-525
-513
-513
-521
-532
-508
-477
-475
-470
-461
-431
-425
-386
-343
-338
-302
-257
-250
-221
-201
-192
-190
-171
-182
-169
-151
-154
-130
-121
-103
-76
-64
-29
14
22
58
68
82
130
126
135
159
189
180
214
247
227
253
258
236
244
261
263
310
331
350
378
384
363
373
382
354
362
388
390
372
408
392
381
396
356
366
325
329
357
375
386
388
399
427
425
435
440
442
411
427
446
402
417
349
388
325
338
344
254
269
251
216
196
192
186
190
184
148
116
82
38
16
-27
-17
-29
-18
-55
-53
-90
-113
-154
-208
-231
-298
-264
-277
-304
-321
-347
-368
-395
-440
-458
-439
-489
-496
-485
-499
-458
-476
-488
-499
-536
-515
-506
-493
-469
-422
-406
-386
-367
-344
-332
-299
-287
-274
-261
-202
-149
-165
-80
-130
-106
-87
-75
-36
14
63
69
109
113
124
161
163
163
220
228
279
309
329
366
372
355
367
338
322
331
301
319
339
320
328
318
333
301
310
313
289
296
269
283
267
222
234
206
179
175
179
165
164
166
168
195
178
182
137
152
111
64
72
0
-34
-67
-96
-148
-144
-166
-201
-203
-241
-228
-249
-269
-255
-302
-295
-311
-339
-354
-367
-397
-388
-352
-367
-297
-293
-251
-269
-304
-298
-376
-382
-397
-414
-398
-390
-360
-342
-325
-268
-243
-267
-204
-204
-178
-141
-138
-108
-100
-70
-46
-12
6
64
66
82
108
135
114
112
117
88
102
87
118
128
143
144
151
123
128
145
136
126
167
143
141
207
180
179
166
139
129
87
85
101
112
119
113
180
188
180
225
182
202
180
171
184
133
133
118
107
120
132
138
165
182
164
207
214
245
235
240
255
250
265
255
254
236
257
234
250
265
267
256
250
256
212
243
216
185
211
179
205
215
162
205
167
156
148
120
129
75
104
108
108
100
88
99
59
22
-19
-50
-50
-55
-63
-105
-115
-105
-141
-144
-155
-206
-205
-201
-243
-237
-243
-254
-261
-262
-271
-292
-281
-329
-346
-367
-418
-404
-429
-468
-433
-454
-498
-502
-534
-532
-546
-557
-559
-562
-564
-567
-559
-542
-527
-552
-526
-506
-512
-496
-465
-487
-463
-423
-444
-424
-412
-361
-333
-303
-223
-200
-166
-111
-121
-161
-151
-160
-132
-109
