SAMPLES:	13602
BITSPERSAMPLE:	16
CHANNELS:	1
SAMPLERATE:	16000
NORMALIZED:	FALSE
836
729
721
698
697
682
613
517
415
412
382
339
240
256
237
156
211
76
64
63
-4
-30
-132
-31
-93
-147
-145
-119
-198
-117
-65
-47
71
33
-20
-51
-27
-111
-171
-242
-325
-272
-303
-324
-338
-384
-289
-339
-299
-236
-281
-289
-286
-289
-353
-496
-487
-662
-721
-665
-732
-747
-824
-791
-783
-812
-805
-762
-728
-691
-642
-631
-647
-571
-607
-668
-667
-672
-616
-551
-588
-577
-479
-469
-380
-418
-351
-314
-301
-201
-209
-179
-97
-140
-65
-6
-36
-20
42
-38
-2
58
24
213
187
284
379
342
483
486
487
598
609
728
734
750
723
815
772
707
633
603
624
524
508
489
554
616
555
527
471
494
555
479
436
520
464
502
552
492
529
417
425
306
334
305
253
206
212
274
191
224
209
173
103
117
79
-39
-120
-58
-98
-181
-258
-426
-435
-451
-525
-607
-574
-526
-495
-390
-481
-482
-445
-468
-480
-551
-554
-592
-536
-588
-540
-494
-506
-435
-513
-551
-472
-478
-444
-482
-542
-422
-471
-424
-467
-474
-522
-458
-501
-467
-326
-308
-216
-70
-149
-33
2
-67
77
70
187
295
456
441
590
587
567
585
561
532
524
598
620
614
652
606
582
566
600
560
538
599
546
630
546
689
645
609
583
488
538
526
549
554
702
582
550
525
391
415
268
299
250
194
265
197
235
125
166
135
61
37
63
74
56
145
107
123
159
135
137
136
23
103
99
-69
-45
-126
-218
-277
-310
-366
-410
-444
-557
-547
-615
-588
-660
-667
-672
-597
-607
-679
-653
-795
-726
-758
-799
-737
-791
-788
-847
-924
-834
-767
-784
-690
-715
-647
-614
-627
-584
-614
-627
-636
-676
-620
-655
-710
-711
-786
-877
-924
-879
-856
-776
-770
-569
-489
-470
-344
-308
-241
-139
-82
-19
-1
139
239
170
344
371
320
431
385
468
451
603
641
678
779
811
950
991
1061
1073
1118
1104
1068
1041
966
959
980
960
1004
991
1011
964
1032
1080
1090
1118
1130
1203
1124
1172
1207
1164
1153
1059
937
815
684
621
504
411
285
221
249
189
78
150
96
-7
42
-42
-63
-84
-124
-120
-220
-241
-211
-317
-386
-434
-426
-499
-576
-527
-724
-761
-799
-840
-888
-915
-896
-990
-927
-1020
-999
-884
-921
-902
-1020
-958
-1030
-974
-917
-991
-884
-817
-707
-673
-520
-550
-636
-535
-497
-534
-482
-444
-417
-460
-350
-353
-332
-261
-252
-223
-257
-136
-82
-101
-110
-137
-133
-192
-183
-153
-88
-90
-9
66
141
224
202
184
145
173
190
212
219
267
335
357
375
475
402
388
448
449
525
562
635
609
587
583
543
553
612
579
608
691
679
734
758
688
677
668
627
583
591
582
512
543
475
495
391
276
219
293
267
224
261
257
279
332
304
307
380
239
293
304
186
110
146
88
71
107
68
96
67
3
22
-83
-168
-137
-213
-231
-232
-260
-330
-465
-481
-507
-615
-616
-628
-641
-621
-663
-598
-650
-656
-608
-590
-504
-523
-493
-474
-462
-500
-450
-495
-512
-512
-633
-610
-624
-713
-718
-651
-669
-648
-487
-566
-588
-512
-584
-534
-462
-520
-424
-424
-423
-386
-394
-325
-381
-370
-286
-274
-67
36
132
246
200
316
344
360
494
521
463
643
663
742
770
721
857
833
930
927
948
1011
1021
997
962
888
896
837
707
720
775
762
758
777
705
685
694
647
653
622
626
619
621
511
545
515
410
381
310
236
225
263
204
254
169
258
111
159
112
70
50
-72
-75
-178
-167
-281
-272
-397
-495
-498
-507
-480
-493
-512
-627
-630
-699
-820
-855
-903
-972
-1034
-1069
-1080
-1110
-1063
-972
-1068
-1019
-994
-1007
-941
-941
-875
-743
-741
-618
-610
-591
-564
-588
-586
-635
-670
-642
-659
-605
-541
-505
-465
-360
-364
-297
-271
-308
-207
-221
-158
-157
-39
-47
-55
19
26
53
-1
139
82
152
272
288
282
243
316
268
331
336
401
469
437
644
530
589
675
717
765
694
838
812
860
813
795
723
904
861
771
837
754
779
727
639
725
688
783
756
739
765
786
862
760
803
746
740
751
688
617
510
557
423
519
576
496
596
493
413
391
463
298
406
338
369
354
252
233
63
-4
-235
-229
-362
-397
-317
-365
-443
-507
-541
-561
-566
-593
-504
-544
-490
-417
-513
-622
-586
-709
-822
-810
-839
-848
-796
-863
-862
-814
-912
-892
-890
-852
-807
-732
-781
-775
-770
-855
-812
-772
-802
-775
-695
-642
-505
-571
-468
-567
-590
-512
-594
-424
-422
-420
-212
-139
-27
38
61
66
76
119
155
142
126
145
140
72
79
-3
10
-57
-13
48
196
219
395
425
416
552
500
505
481
561
547
576
550
576
438
352
376
257
268
301
288
274
300
335
371
392
318
306
327
257
269
294
215
176
198
135
221
312
227
334
217
313
348
229
342
254
320
279
316
394
303
371
306
276
255
181
221
94
152
1
-3
-39
-111
-115
-117
-58
-91
37
6
28
-39
13
-4
-94
-203
-320
-280
-357
-496
-522
-563
-540
-553
-532
-537
-602
-568
-596
-472
-546
-467
-437
-491
-342
-276
-303
-294
-255
-173
-154
-87
-79
-120
-82
-99
-84
-106
-101
-147
-114
-124
48
154
239
221
286
332
284
388
386
418
425
465
474
544
557
517
586
564
566
619
674
715
702
742
659
640
603
573
550
508
477
459
433
355
332
312
262
188
167
123
63
-107
-50
-27
-154
-34
-81
-110
-60
-115
-159
-88
-146
-155
-204
-142
-202
-176
-228
-328
-314
-429
-444
-532
-567
-689
-692
-799
-769
-791
-850
-847
-820
-900
-848
-755
-810
-735
-686
-704
-726
-650
-725
-625
-613
-623
-539
-528
-407
-397
-409
-342
-365
-255
-309
-212
-230
-228
-61
-165
-118
-118
-117
-73
-40
-118
-105
72
53
108
133
164
314
392
394
483
388
405
414
286
329
305
368
320
356
306
342
354
279
417
484
531
504
556
605
617
707
693
752
677
705
724
697
769
733
721
803
761
655
729
642
584
653
545
420
288
223
191
103
118
99
119
94
176
203
270
235
210
301
325
277
289
207
100
116
21
33
-11
-36
11
-16
-62
-41
-124
-157
-264
-255
-321
-387
-215
-360
-337
-337
-390
-354
-374
-417
-487
-426
-366
-340
-317
-389
-243
-307
-347
-320
-407
-321
-383
-390
-412
-448
-444
-467
-482
-519
-576
-636
-586
-606
-759
-717
-656
-637
-680
-631
-595
-408
-376
-373
-303
-317
-261
-272
-258
-309
-282
-278
-367
-398
-343
-332
-366
-327
-342
-235
-207
-146
-170
-88
-54
-59
-9
12
119
26
208
146
44
116
115
94
105
196
265
250
363
294
425
318
286
327
225
191
190
227
171
211
124
196
207
239
237
261
266
339
363
429
402
420
521
486
508
437
479
424
398
352
350
318
269
365
252
353
390
397
466
476
500
590
581
557
530
520
468
480
535
479
524
431
502
489
462
493
557
508
530
470
297
359
258
300
211
230
243
164
170
41
23
-91
-93
-150
-193
-150
-174
-101
-119
-243
-338
-294
-352
-361
-306
-399
-333
-495
-529
-637
-728
-762
-811
-846
-912
-785
-739
-788
-744
-643
-676
-592
-495
-533
-507
-366
-422
-300
-316
-348
-203
-169
-134
-88
-22
-48
101
106
113
162
186
194
264
246
163
103
-7
-113
-171
-151
-290
-224
-232
-294
-307
-275
-331
-350
-303
-350
-330
-312
-333
-353
-224
-214
-317
-148
-118
-107
6
-6
99
84
69
47
42
-14
-92
-37
-67
-83
-27
30
30
81
76
166
149
236
242
318
366
314
343
284
321
254
141
195
139
109
107
75
149
109
55
124
75
117
204
189
234
109
230
178
275
332
184
286
305
295
324
330
376
290
378
281
310
278
259
386
333
341
279
337
255
194
129
67
15
-73
-109
-160
-192
-130
-176
-220
-221
-239
-264
-265
-280
-299
-327
-251
-183
-95
37
0
130
107
141
225
292
345
328
358
321
440
326
328
226
241
227
262
323
210
257
161
106
28
46
-36
-94
-150
-243
-243
-220
-217
-250
-236
-291
-249
-259
-227
-211
-200
-185
-142
-255
-173
-244
-352
-421
-484
-479
-399
-476
-524
-384
-491
-399
-509
-509
-491
-494
-434
-418
-424
-375
-361
-346
-307
-279
-209
-164
-35
-39
12
46
17
1
48
-24
-46
21
-47
-63
-114
-83
-129
-75
-27
-68
-98
-31
23
126
82
35
95
72
45
2
30
-30
107
118
173
232
338
439
410
559
575
491
580
510
505
490
427
334
271
270
188
174
207
209
239
334
303
292
370
305
198
269
174
212
221
223
150
107
156
92
131
79
62
18
-62
-44
-63
-46
-138
-137
-182
-207
-270
-315
-334
-219
-298
-290
-207
-212
-187
-83
-97
-170
-50
-132
-79
-121
-42
-9
56
145
180
255
224
279
365
417
354
382
297
365
419
328
259
273
193
264
255
123
150
62
86
78
60
95
107
171
200
81
222
206
156
259
104
38
107
-2
-50
-64
-206
-246
-209
-307
-331
-250
-286
-217
-209
-164
-173
-209
-188
-141
-149
-233
-195
-179
-334
-326
-368
-541
-473
-497
-619
-545
-464
-401
-373
-336
-348
-362
-413
-338
-355
-464
-362
-399
-298
-274
-334
-406
-443
-564
-537
-567
-501
-433
-450
-354
-406
-340
-314
-198
-260
-258
-190
-233
-113
-61
-54
-94
-129
-194
-222
-164
-113
-58
-106
47
162
163
357
327
374
390
350
368
304
410
417
490
636
719
750
784
788
734
813
818
774
678
727
653
615
728
659
648
568
592
529
436
404
259
295
245
36
88
102
-28
24
-24
-144
-13
-29
-89
-70
58
49
1
70
-102
-63
-120
-165
-208
-97
-65
-56
150
86
111
200
235
176
133
53
25
-89
-107
-268
-297
-310
-302
-204
-214
-84
-105
-121
-97
-52
-123
-38
-98
-156
-170
-228
-231
-243
-199
-174
-211
-227
-188
-248
-182
-249
-360
-382
-417
-348
-324
-272
-149
-240
-214
-229
-205
-205
-216
-262
-246
-193
-296
-227
-211
-289
-168
-128
-65
71
58
115
143
32
88
174
90
230
125
230
262
189
323
255
187
262
249
155
284
184
237
357
289
437
420
423
454
450
494
385
521
523
323
396
492
307
379
309
278
344
328
383
212
224
84
-38
-162
-228
-307
-547
-523
-681
-699
-667
-751
-802
-732
-752
-719
-671
-722
-598
-636
-428
-411
-435
-357
-257
-368
-348
-204
-275
-207
-267
-318
-347
-311
-274
-263
-182
-89
-133
-34
-24
70
114
-25
40
-71
49
119
78
263
227
279
291
293
379
459
352
330
417
292
288
308
332
249
292
244
132
110
-33
-99
-33
-198
-128
-73
-193
-91
-17
-59
-143
26
-23
-34
194
37
177
364
48
275
387
49
237
331
129
324
383
273
188
444
197
-30
479
28
-14
360
-67
59
131
-113
-5
149
-24
-69
280
165
34
352
186
180
364
143
360
342
194
312
341
220
274
343
249
267
275
210
166
149
65
47
-85
-46
79
-104
108
72
-70
150
7
-5
-27
-80
-54
-59
-155
-215
-134
-353
-246
-282
-490
-321
-274
-512
-277
-277
-408
-229
-346
-396
-550
-320
-483
-499
-174
-593
-338
-278
-600
-319
-344
-435
-376
-336
-553
-563
-565
-590
-623
-752
-414
-737
-715
-495
-857
-668
-735
-655
-440
-510
-246
-239
-233
31
-154
212
313
-228
307
391
-1
363
328
209
347
318
453
364
467
567
325
642
477
371
636
369
401
432
321
570
445
452
601
343
437
589
396
159
334
75
-107
234
-97
-328
388
113
52
619
181
515
539
172
644
592
150
663
563
168
613
502
317
655
598
196
712
526
235
557
511
308
305
508
474
467
618
572
557
615
425
642
393
343
492
69
181
192
-70
37
285
-113
-61
39
-116
-226
-238
-208
-695
-283
-439
-915
-375
-563
-986
-652
-773
-1045
-929
-1080
-1041
-1077
-1032
-1018
-1165
-910
-900
-1023
-779
-707
-817
-670
-651
-497
-711
-687
-437
-889
-544
-573
-700
-402
-397
-450
-348
-171
-386
-219
-297
-351
-180
-125
-281
-322
-27
-255
-105
-205
40
21
35
176
-140
294
93
189
167
83
328
361
47
492
249
268
593
208
853
332
479
1077
122
639
875
30
1044
388
139
1132
9
662
869
-266
1218
345
493
1061
-42
948
655
226
1161
354
415
1241
-146
931
813
-243
1035
361
-48
699
15
17
447
-101
-54
-15
-101
-124
-491
-88
-418
-656
37
-708
-244
0
-708
79
-210
-632
43
-551
-343
-43
-670
-11
-452
-375
-406
-830
44
-785
-522
-147
-998
113
-723
-985
214
-1406
-344
-427
-1482
342
-1022
-698
219
-789
19
-210
-312
176
54
-356
238
274
-274
409
74
-316
882
-43
-422
984
-173
-35
497
-128
245
504
-103
344
708
-67
622
401
33
629
542
-63
471
1068
-261
564
943
-435
983
691
-604
1320
339
-378
1315
-212
56
1406
-705
237
1161
-615
359
876
-220
188
1098
-167
95
1251
-313
93
616
-23
198
177
280
210
-166
528
204
-465
680
-273
-154
188
200
-104
-366
754
-695
-286
414
-556
-604
450
-210
-860
676
-407
-509
169
-551
-60
-71
-727
503
-509
-687
681
-1239
-170
434
-1580
132
39
-1370
176
-616
-1074
-444
-991
-388
-1391
-511
-47
-2206
250
-630
-1803
468
-1497
-1045
162
-1505
-393
-493
-213
-399
-452
486
-739
360
3
-195
401
-267
115
441
-344
474
207
-196
805
14
301
156
253
18
27
320
21
86
296
402
-349
942
-50
-123
846
228
122
430
988
-608
1467
304
4
1308
-522
1029
-33
651
278
127
1445
-379
728
1127
33
221
1322
-253
700
671
-124
1139
-195
877
47
453
933
-1044
1558
233
-466
1080
-119
438
169
177
993
-149
54
1323
-764
548
1182
-1107
1265
61
-548
725
-686
570
-320
-55
513
-788
711
362
-742
660
165
-742
604
-551
-110
-497
-292
-382
-1100
346
-1093
-345
110
-1143
-45
-25
-1017
298
-656
-254
-200
-787
213
-908
-289
-453
-574
-475
-733
-407
-559
-1015
-30
-785
-1071
383
-1193
-975
251
-1454
-616
-326
-1435
-443
-718
-512
-1431
-150
-212
-2170
1376
-1471
-1077
1159
-1739
206
-213
-766
202
-688
-480
333
-1147
400
-208
-1009
995
-1287
284
-15
-866
907
-1109
643
303
-633
1190
126
275
417
611
456
273
888
323
960
527
1004
851
387
1928
-18
857
2300
-486
1289
2048
-839
1839
1062
-692
2308
-58
-115
2268
-902
1023
1180
-456
1010
1065
-289
955
1574
-586
1188
1316
-322
770
1504
-354
647
1000
-381
1012
-42
321
-22
171
721
-1520
1840
-955
-173
1137
-1516
952
-532
49
-89
-719
625
-861
135
522
-1516
1236
-705
-582
1097
-1064
254
209
-237
-405
503
-645
-470
524
-1482
476
-195
-1238
904
-1161
27
-189
-1362
553
-1598
-395
-310
-1746
30
-926
-1017
500
-1636
-390
299
-1343
-288
-510
-225
-752
-776
20
-1060
-767
458
-1469
-330
668
-1595
660
-134
-1310
718
-885
-884
426
-520
-644
380
-251
216
626
-699
1552
-89
-549
1951
-718
-271
1562
-1172
334
811
-1220
1114
-197
25
399
-2
-22
457
-615
253
757
-1518
1042
595
-1715
2149
-984
37
1678
-1476
1860
82
-40
2050
-1418
2081
35
-831
2297
-1237
646
366
727
-1021
1383
-412
-258
72
56
-290
-639
1300
-1997
984
-26
-1921
1601
-912
-1239
1492
-1500
-29
696
-1454
426
530
-1592
1240
-1103
-25
153
-865
674
-1324
133
747
-1813
976
-555
-972
100
-223
-1700
966
-1092
-785
736
-1363
431
-651
390
-810
-276
407
55
-1231
2110
-1606
639
1479
-1837
2260
-178
-37
1419
181
1152
-344
1884
331
-413
2746
-1408
1331
1392
-925
1816
327
545
847
678
1209
-861
2291
90
-1286
3249
-1393
198
2833
-3158
3746
-816
-1209
3400
-2154
1248
370
-87
1087
-482
600
743
-636
770
163
-575
820
-940
901
-829
-333
271
-818
-723
-287
77
-2560
1688
-1971
-1297
2064
-3488
586
1513
-3752
1627
-82
-1985
1272
-1521
779
-1591
-103
1064
-3043
2319
-874
-2241
3501
-3195
-184
2587
-3995
1724
433
-3141
2369
-1829
-356
755
-2346
1358
-1238
-287
-373
-187
-1190
337
-398
-1582
962
-1720
-327
137
-1159
74
-277
-677
413
-948
589
-524
-781
1262
-1631
684
210
-2285
2543
-2586
1034
-556
-439
348
-759
455
-667
516
-732
561
-297
151
15
-229
171
336
-733
735
53
-764
1417
-896
602
941
-1053
2374
-1495
2189
-162
421
2348
-1592
2853
-8
582
1498
-135
1400
909
145
1012
1799
-391
1072
2346
-1746
2741
691
-1322
2470
-238
483
463
654
1338
-992
2402
-246
425
1623
-720
964
1773
-1893
2337
263
-1448
2814
-1523
-174
1498
-1162
933
-340
-718
2164
-2592
1306
-122
-1548
1482
-1696
151
492
-1564
1113
-1257
324
244
-1580
1692
-1939
12
834
-3103
2477
-2960
46
629
-3742
2715
-3453
971
-1534
-296
-820
-1145
697
-2918
1757
-2626
-33
-278
-1670
-281
-577
-1043
-407
-189
-2297
1631
-1702
-820
1242
-2062
1136
-1239
725
-107
-1147
1258
-339
-930
967
422
-2577
3934
-2960
756
2155
-3280
4095
-2120
469
2118
-2594
1950
1098
-3143
3850
-1914
-763
3455
-4531
3468
-1011
-1406
2374
-1926
-39
1861
-1897
-423
3097
-4396
2842
77
-2532
3190
-2143
463
881
-1918
2364
-2304
1339
843
-3396
4828
-3801
1545
809
-1455
1423
-193
-317
110
1454
-2532
2957
-1593
-211
2406
-2267
1027
1285
-1323
912
2244
-3485
4188
-377
-2569
5982
-4354
2136
2992
-4000
3735
1030
-2829
4124
-1123
-1804
5349
-4502
2248
2184
-3952
4696
-1676
-1437
3985
-2900
1004
1843
-3579
3455
-1834
-33
1279
-2912
3800
-3119
779
1476
-2405
2293
-1058
20
742
-1096
1074
-560
-998
1719
-1316
-87
1051
-1090
611
-56
-207
41
-165
-484
871
-1594
-497
2378
-3665
1144
1508
-3814
2187
186
-3040
2132
-1133
-957
407
-119
-1067
848
-1504
707
-569
-1506
2685
-3990
2352
-123
-2389
2674
-2077
234
416
-1323
246
350
-2461
1976
-2184
-576
1464
-3797
2175
-1297
-430
-714
865
-956
115
-356
194
58
-1460
2647
-3469
2366
-353
-1422
2389
-796
-738
2595
-1861
874
2152
-3102
3435
-1324
-414
2656
-2918
1731
523
-2019
2638
-2040
680
1812
-3869
4639
-3011
-184
3309
-4425
3107
-191
-1470
2281
-698
5
728
419
263
-655
2205
-2208
1979
80
-1125
2283
-1840
2196
-1128
739
1589
-2139
2681
-541
-944
2532
-1009
-1431
4027
-3719
713
2796
-4064
2535
170
-1234
753
1029
-2043
2148
-952
52
935
-1385
1557
-965
627
-961
1325
-683
-206
1033
-1164
307
540
-840
-1171
2408
-2123
200
254
-410
-407
-108
214
-1382
942
-1378
414
-210
-636
-719
-635
1346
-3472
2069
-1156
-1803
2626
-3709
1671
-900
-1246
-51
-279
-1019
-221
199
-891
-295
991
-2002
876
470
-2478
2374
-1747
47
532
-283
-465
902
154
-1010
1772
-665
296
1279
-1219
1576
437
-785
1944
102
-23
1564
809
-153
351
2121
-1621
1212
1903
-2172
2036
923
-1192
1766
-154
419
-551
1621
-576
-621
1516
-1156
1830
-2292
2433
-938
-698
2821
-3421
2949
-518
-2434
3838
-3433
808
1894
-3605
3376
-1285
-37
1418
-1254
1351
-254
623
-604
516
222
-1023
233
521
-1805
1463
-1468
530
339
-1945
2016
-1300
648
-1015
749
330
-882
1028
-716
151
1053
-2037
2131
-1433
131
252
-92
-781
35
465
-1109
54
-132
-363
-1070
1347
-2353
603
-504
-506
-267
-713
-974
796
-2067
1210
-1784
-313
1507
-3580
2587
-2028
-247
1316
-3230
2650
-1299
-1214
2499
-2557
872
1937
-3195
2499
-80
-2175
3507
-3314
1595
-830
-335
1113
-1995
1275
-3
-1138
1344
52
-1936
2949
-1926
-815
4174
-5526
3878
306
-3635
4595
-2486
629
750
194
-295
512
119
476
-252
757
-236
470
513
-699
1907
-1388
1358
1105
-1734
3885
-2230
862
2928
-2453
2278
57
1199
-1053
2285
970
-2399
3905
-626
-737
2094
-151
-1172
1835
-344
-1159
1015
-175
8
-1777
3661
-3854
1767
768
-2531
2188
-2080
1287
-1341
275
-1103
469
-943
-384
424
-1360
1376
-1630
342
446
-1152
1276
-1925
769
593
-2590
1657
-1128
-1539
1535
-1656
-1746
1953
-2525
522
-411
-615
-382
-814
1545
-3423
2796
-1969
-670
1087
-612
-649
-433
2383
-3622
1529
2043
-5784
5879
-2866
-2067
4613
-4843
3671
-2346
1261
841
-2905
5014
-4816
2722
430
-2847
3273
-1723
634
208
537
-856
2561
-2238
2118
464
-1524
2389
-587
-161
753
578
-1548
2356
-1217
-284
1205
-57
-431
502
1020
-1754
1301
1966
-4224
3906
-1237
-252
572
240
-197
144
2481
-4799
5228
-2171
-1770
4917
-4720
2161
2016
-3203
2704
-704
13
1184
-1006
795
-268
-635
1355
-3315
1738
374
-3018
1983
-943
-964
1532
-1905
1562
-1004
-733
1758
-3174
1670
-1068
-1667
620
-770
-1379
-3
-11
-1052
-3
-353
-788
156
-153
-637
-473
-273
828
-1196
-413
944
-794
-196
841
-1067
507
645
-869
195
1147
-896
204
1963
-1831
2019
192
-206
2163
-740
1465
714
-466
1942
-994
1373
-144
177
2254
-2735
3903
-1277
-800
4001
-2783
2196
620
-231
1618
117
1412
-1070
2431
1039
-2414
3563
-465
-1538
3149
-1660
-823
2954
-1986
-647
3285
-3234
1698
1148
-2414
1935
-85
-1101
1168
-1067
123
-1178
336
32
-2487
1437
-379
-1814
1682
-2162
-473
2145
-4696
3476
-1758
-720
1074
-1757
1923
-2483
1055
58
-2847
3024
-2374
-1878
3762
-4142
582
1685
-4489
3211
-3096
192
-24
-2985
3360
-5117
3143
-2808
170
733
-3481
2276
-2516
-513
360
-2464
1071
-950
-943
769
-1855
1537
-2023
246
1029
-2613
1358
-666
-1316
1334
-1063
-111
-29
834
-1055
187
1638
-2298
1962
603
-3034
4826
-3490
1590
1135
-2044
2610
-1563
890
713
-1519
2399
-832
-1002
3567
-3705
3684
-206
-1943
4076
-3053
1788
1000
-2451
3727
-2827
1607
1064
-1290
1345
-70
1309
-593
1379
777
-901
2876
-1656
1311
1733
-2171
3962
-1992
2391
-362
1045
1508
-678
2738
-912
1855
406
223
1108
627
-805
2124
41
-351
2324
-173
696
1229
421
-438
1585
-688
1351
-1152
1254
336
-1743
2673
-1659
702
1042
-1015
400
1456
-2255
1176
345
-2305
2045
-1696
-1125
1408
-1771
-427
116
-383
-411
-1355
860
-971
-2207
2177
-3488
173
1013
-4742
3142
-2744
-818
506
-2799
691
-1398
-2129
640
-2398
-657
-409
-2620
1109
-2387
384
-651
-1523
625
-1028
-447
-1117
1032
-3525
1579
-679
-4161
3834
-3147
-822
2212
-3368
1511
280
-2895
3128
-2849
808
174
-971
772
-1646
2031
-1920
1292
-155
-410
1594
-700
314
1769
-1715
3137
-904
795
2647
-2750
4639
-2031
2395
91
877
1528
-1556
3695
-1991
1871
1516
-1796
3305
205
-1355
4946
-2957
2418
2410
-3733
6121
-3776
2499
1788
-2597
4113
-1687
1221
1791
-1827
3629
-1606
670
2268
-3809
4857
-3663
795
1856
-3866
3689
-2603
430
1423
-2612
2564
-1368
-1056
3061
-4008
1664
691
-4019
4276
-3973
104
2015
-4330
2995
-1914
-1009
2201
-3339
1027
457
-3181
2613
-2662
89
378
-2611
1837
-1890
98
653
-1498
902
-86
-1206
1461
-261
-973
1745
-1292
-434
1766
-1351
-123
1814
-1507
1232
78
-387
960
-1131
1417
-1500
789
353
-1863
1735
-710
-1106
1390
-617
-942
551
-632
-1062
1415
-2253
992
561
-1828
2239
-1268
-107
1729
-1558
116
1329
-2295
1338
73
-2404
2296
-1976
-584
1618
-2760
1975
-988
-1231
1878
-2104
397
312
-1148
145
325
-519
-171
571
-654
490
860
-1283
1414
-517
51
-69
313
-92
-283
991
-1107
873
366
-788
1650
-597
26
1836
-1070
333
1315
-1481
1796
-609
242
714
-1708
2412
-1443
587
903
-1788
2496
-1450
403
1033
-1712
1567
-400
-288
706
-711
748
-68
-306
604
-1371
1306
-602
-1090
1669
-1541
-142
791
-1305
205
398
-1176
354
13
-501
-421
317
-752
-18
46
-445
10
-750
113
-1096
268
-877
-571
-22
-359
-577
-417
-189
-758
730
-785
79
679
-527
665
203
118
881
-482
1069
220
-218
1095
-8
482
538
609
888
-125
1550
221
402
1367
-219
1357
528
105
1257
-59
1333
251
974
981
328
871
499
454
729
601
411
1416
-15
958
939
-414
933
409
-206
599
-39
-98
181
-139
-463
155
-420
-51
-184
-654
111
-1144
14
-528
-829
-168
-1100
-661
-553
-1215
29
-1023
-991
-126
-921
-824
-533
-721
-512
-1216
-28
-1488
-458
-637
-1449
-356
-816
-1067
-460
-602
-683
-102
-393
-643
313
-204
-707
1281
-1058
724
319
-278
689
341
-6
538
437
-27
839
109
314
301
467
-269
419
170
-490
606
214
-56
620
-148
287
202
-212
204
-445
-728
-656
-986
-1077
-1434
-1611
-1997
-2340
-2678
-1891
-2951
-2170
-2352
-2693
-1467
-2005
-1520
-1076
-816
-539
11
403
728
1171
1494
2127
1920
2364
3052
2562
3733
3098
3375
3592
2857
3748
3282
2373
3522
2085
2202
2336
1728
1210
1506
1207
655
1051
581
504
902
422
1017
733
1272
1289
1275
1687
1425
1204
1626
1434
790
648
647
-270
-25
-554
-2908
-1879
-3894
-3174
-3804
-4753
-4013
-5641
-4572
-4544
-4894
-3747
-4669
-3608
-2780
-3521
-2292
-2330
-1732
-1336
137
102
587
1739
1403
2498
2711
2635
3377
2581
3023
2498
2261
1658
971
738
196
-477
-896
-1727
-1876
-2567
-2342
-2646
-3127
-2733
-3306
-2259
-2942
-2264
-1617
-1806
-573
-675
-220
1183
568
1828
2266
3087
3343
3864
4551
4024
5043
4979
4755
4926
4599
4548
4082
3956
3217
3055
2375
2161
1909
1260
1146
882
750
-107
804
-573
-450
27
-610
-1098
-204
-1141
-765
-451
-810
-12
-576
-1184
-692
-1093
-1253
-2723
-3376
-4383
-3191
-3528
-5300
-4832
-5410
-5547
-5409
-4490
-5442
-4728
-4463
-4468
-2807
-3113
-3674
-1105
-1399
-259
1213
960
2576
2447
3712
4553
4140
4641
4048
4332
3770
3002
3075
1929
1072
1425
87
-726
-873
-2306
-1829
-2775
-2675
-2845
-3364
-2640
-2610
-2357
-1085
-1087
60
1260
1063
1748
2131
2375
4339
3189
3661
4710
3558
4671
5184
4239
5200
4719
4534
4601
3750
3357
3335
2360
2162
1657
401
954
-587
382
-471
-904
-549
-1953
-947
-1142
-2062
-1106
-1487
-1830
-1173
-1165
-1694
-1556
-2320
-2919
-2401
-2669
-3641
-5901
-5979
-5152
-5056
-5501
-6450
-5134
-4740
-5673
-2933
-3119
-3384
-2201
-1523
-444
445
389
1542
2743
3328
4242
5129
5282
5505
5859
6656
5789
5511
5287
3783
4096
2690
1456
1070
-951
-1194
-1947
-3749
-3588
-5210
-5282
-5794
-5817
-6090
-6193
-5534
-5196
-4602
-3176
-2725
-1276
-130
472
2586
2451
4028
5129
5428
6027
5856
5962
5577
6019
6062
4665
4354
3868
3162
2830
2397
1301
406
290
-557
-957
-1080
-2302
-1548
-1809
-1914
-1411
-2370
-1450
-1383
-863
-662
-33
-147
281
1588
658
1791
1601
1385
1686
979
-324
-599
-631
-1969
-2765
-5360
-6447
-5129
-5377
-7476
-7667
-6980
-7160
-6798
-5375
-5112
-4452
-4053
-2679
-528
-493
543
2488
2717
5047
5034
6349
6920
7073
8586
8244
8226
7860
6396
6666
5652
4467
3842
1605
679
-563
-1812
-3320
-4190
-5521
-6218
-6662
-7392
-8115
-7797
-7580
-7256
-6212
-5322
-4784
-2986
-2342
-825
1106
1701
3149
4787
3911
5083
6596
7408
6939
6146
7477
5782
6134
6136
4869
4312
3480
1890
2289
19
-491
-351
-1425
-1438
-2402
-2900
-1875
-3080
-2023
-1136
-1720
-1768
-848
-125
183
364
1916
1593
1193
3372
2185
2795
1301
1209
1220
721
-855
-3084
-4365
-3557
-3087
-5521
-6661
-6283
-6348
-6925
-5187
-4628
-5296
-4895
-4643
-2482
-2353
-1541
-358
771
1948
2611
4169
4910
5242
6541
6897
7267
6977
5847
6022
5006
5004
3851
2323
1163
-384
-1462
-2178
-3400
-4890
-5456
-6727
-6944
-7270
-7827
-7532
-7288
-6988
-5998
-5098
-4279
-3302
-2396
-387
635
1418
2606
1960
4268
6020
5792
5505
6432
6598
6451
7392
7014
6135
5360
5113
4659
3721
2374
1784
1325
965
138
-736
-1485
-1891
-1633
-1869
-1406
-2581
-2669
-1944
-2301
-1825
-1696
-1356
-1186
-688
-154
371
-72
339
-599
142
673
-436
-1720
-4106
-3180
-1680
-2214
-4337
-4983
-3422
-4462
-3725
-1975
-2230
-3431
-3367
-1987
-748
-335
-218
1007
1386
2291
2946
3757
4601
4368
5341
5988
5321
5113
4160
4008
4066
3355
2348
678
-625
-1064
-1289
-2858
-3042
-4807
-6033
-5771
-6085
-6448
-6500
-6075
-6628
-5310
-4988
-4076
-2866
-2961
-1045
-250
233
1223
2420
3183
3911
4667
5134
5580
5841
6661
6530
6562
6653
6028
6124
5457
4939
4470
3699
2837
2602
1957
1060
265
-241
-214
-1091
-1578
-1536
-2430
-2839
-2886
-2960
-2626
-3210
-2818
-2927
-2535
-2448
-2189
-1893
-2879
-2120
-1806
-1681
-2609
-4425
-4318
-2590
-1895
-3509
-4333
-3724
-3460
-3318
-1746
-939
-2267
-3363
-2025
-775
-28
586
448
642
1085
2121
2791
4108
4151
3671
4756
4170
4259
4518
3122
4219
3761
2022
2009
370
92
-24
-832
-1009
-2452
-3563
-3836
-3822
-3760
-3598
-3725
-4319
-4392
-3415
-2725
-2204
-1632
-1342
-253
-430
834
1601
2069
3038
3511
4493
3971
4492
5157
5017
5705
6000
5046
5126
5056
4976
4940
4061
3975
3499
3011
2640
1637
1192
593
495
97
-503
-1173
-2134
-2137
-2341
-2263
-2571
-3039
-3333
-3635
-3497
-2819
-3180
-3434
-3775
-3861
-3284
-3788
-3911
-5793
-5320
-3017
-4133
-5143
-5403
-4331
-3981
-4140
-2329
-2069
-3480
-3492
-2328
-811
-357
-399
-475
63
-38
1088
2656
2842
2858
2402
3156
3470
4125
4015
3909
3619
2950
2823
2423
2131
1893
1200
966
-65
-90
-979
-1471
-617
-805
-1480
-1011
-1225
-745
-431
431
918
360
1002
800
1979
2223
2049
3171
2644
2866
3571
3267
4255
3748
3774
4538
4083
3919
4151
3902
3846
3054
3361
2978
2334
2100
1300
945
585
450
-205
-1006
-1210
-1825
-2209
-2588
-2894
-3425
-3921
-3987
-4568
-4219
-4348
-4393
-4032
-4325
-3610
-4394
-4354
-3253
-3049
-2623
-3317
-3674
-2780
-2062
-1738
-1911
-1990
-802
-1116
-607
527
10
-12
-614
359
755
717
405
229
53
290
658
1684
772
702
677
458
1089
1059
889
589
-77
-45
-247
380
-475
-495
-615
-1698
-846
-1098
-1157
-631
-1121
-1057
-703
-967
306
189
890
1105
956
1164
1438
1786
2292
2397
2653
2075
2520
2847
2918
2826
3104
2489
2473
2684
2857
2807
2448
2399
1888
2281
1842
1199
1139
518
915
547
-117
-655
-1378
-1629
-2069
-2183
-2908
-3749
-3612
-3870
-3926
-3443
-3875
-3564
-3599
-3282
-2512
-2353
-1960
-1582
-736
-582
-117
944
1254
1445
2731
2715
3430
3566
3866
3921
3965
3875
3439
3699
2926
2745
2470
1423
1482
474
250
-220
-1076
-1419
-2503
-2303
-2831
-3517
-3652
-4144
-4421
-4223
-4393
-3948
-4601
-4301
-3874
-3853
-3151
-3501
-2715
-2395
-2284
-1447
-1140
-947
-243
0
1036
1768
1530
1951
2344
2503
3099
3487
3305
3034
2955
3283
3627
3517
3377
2756
2936
2826
3064
3264
2905
2227
1790
1788
1761
1478
1063
1042
482
194
285
12
76
-135
-404
-212
-349
-905
-965
-896
-1038
-929
-1469
-1636
-1646
-1248
-1492
-1046
-833
-1311
-746
-545
-58
343
85
359
726
826
1103
1496
1509
1278
1459
1880
1302
1780
1364
1042
861
323
389
-498
-1027
-1190
-2100
-2440
-3007
-3510
-3797
-4470
-4773
-5004
-5039
-5183
-5535
-5280
-5182
-4960
-4414
-4123
-3767
-3309
-2619
-2318
-1468
-742
-453
538
677
1144
1736
1840
2849
2508
2664
3012
2388
3232
3118
2857
2933
2294
2328
2410
2421
2297
2065
1703
1776
1982
2107
1564
2130
1711
1646
2436
1840
1951
2200
2110
2269
2241
2205
2236
2216
2421
2724
2342
2282
2031
1984
2066
1736
1668
991
976
582
353
784
55
-337
-176
-542
-444
-620
-579
-898
-1337
-647
-1184
-1003
-752
-1527
-1342
-1307
-1556
-1490
-2025
-2289
-2302
-2709
-2749
-3054
-3491
-3962
-3833
-4308
-4104
-4401
-4845
-4967
-4841
-4851
-4561
-4464
-4819
-4068
-3836
-2923
-2597
-2205
-1573
-855
-48
516
1384
1727
2433
3210
3748
4253
4658
4922
4966
5466
5205
4774
4766
4305
4111
3875
3038
2718
1866
1398
1431
747
586
-386
-739
-518
-1061
-733
-1190
-1302
-1258
-1414
-1093
-931
-866
-1053
-764
-245
-27
-84
287
593
667
966
936
1270
1518
1109
1667
1436
1126
1562
955
1490
1470
818
1251
851
1003
1477
947
932
717
555
615
477
528
209
-150
-257
-478
-850
-755
-1107
-1593
-1926
-2322
-2705
-2760
-2966
-3342
-3807
-3861
-4223
-4420
-4303
-4596
-4496
-4459
-4421
-4359
-4172
-3880
-3408
-3011
-2634
-2036
-1776
-876
-396
282
1074
1656
2162
2911
3284
3720
4464
4561
4784
5048
4821
4849
4831
4518
4284
3742
3258
3063
1985
1746
1437
765
393
-314
-522
-1022
-1145
-1372
-1693
-1595
-1926
-1969
-1993
-1608
-1704
-1369
-1134
-837
-943
-532
-3
256
627
738
959
1333
1583
2073
2226
2203
2686
2571
2746
2809
2723
2883
2780
2637
2655
2633
1903
2131
1925
1348
1626
1016
872
650
200
91
-421
-610
-1331
-1370
-1927
-2570
-2745
-3219
-3596
-3752
-4008
-4545
-4606
-4727
-4889
-4766
-4973
-4751
-4640
-4461
-4139
-3902
-3220
-3054
-2394
-2133
-1671
-798
-671
353
734
934
1654
1807
2376
2730
3076
3457
3389
3670
3651
3176
3580
3301
2719
2808
2022
1648
1176
936
609
31
-298
-1067
-944
-1017
-1472
-1538
-1688
-2246
-1801
-1922
-2217
-1700
-2081
-2048
-1418
-1411
-1303
-1046
-857
-412
58
359
665
972
1143
1494
2019
1797
2383
2339
2607
2845
2813
3080
3046
2848
3023
2919
2712
2617
2007
2309
1769
1453
1335
873
524
476
-285
-382
-580
-1339
-1222
-1850
-2059
-2202
-2668
-2910
-2990
-3196
-3198
-3308
-3391
-3466
-3038
-2939
-2813
-2412
-2483
-1917
-1487
-1218
-644
-654
136
442
732
1346
1727
1742
2451
2632
2834
3340
3138
3732
3544
3635
3992
3554
3451
3535
3079
2707
2378
1743
1528
944
410
226
-660
-1082
-1373
-1745
-2069
-2409
-2895
-2961
-3234
-3414
-3467
-3688
-3380
-3516
-3278
-3239
-3169
-3069
-2626
-2145
-1787
-1543
-1526
-913
-434
-118
585
705
496
1089
1477
1688
2101
2220
2103
2146
2422
2508
2605
2467
1970
1842
2165
1374
1618
1162
351
707
29
-38
-133
-878
-872
-1039
-1202
-1516
-1726
-1913
-2196
-1995
-2034
-2027
-2163
-2054
-1864
-1817
-1456
-1457
-1301
-1294
-1157
-671
-608
-418
-183
-187
30
525
793
917
1111
1515
1503
1923
2146
2217
2318
2310
2693
2754
2791
2701
2746
2553
2353
2702
2362
2014
1742
1744
1663
1193
1214
814
629
379
291
-77
-258
-734
-733
-868
-1084
-1329
-1635
-1645
-1835
-1862
-2020
-1755
-1919
-1681
-1515
-1612
-1095
-1159
-992
-579
-639
-572
-150
-19
122
751
674
590
841
850
1076
1162
933
888
587
571
80
167
-126
-640
-688
-1258
-1551
-1527
-1954
-2080
-2380
-2785
-2703
-2962
-3243
-2957
-3199
-2992
-2997
-2936
-2860
-2833
-2313
-2115
-1852
-1462
-1209
-997
-498
84
459
595
971
1202
1717
1940
1989
2360
2419
2534
2630
2692
3017
2735
2813
3062
2575
2682
2518
2353
2245
1989
1988
1596
1120
1264
1148
1218
1140
1077
1035
993
1235
1233
1201
1235
1035
982
1231
973
997
920
676
1054
620
819
903
792
947
648
1066
756
654
789
601
603
453
526
208
133
379
37
-14
-34
-373
-386
-695
-991
-1147
-1430
-1742
-2027
-2100
-2567
-2826
-3130
-3489
-3898
-3792
-4249
-4396
-4618
-4991
-4865
-4934
-4849
-4952
-4922
-4787
-4416
-4180
-3846
-3377
-3091
-2376
-1957
-1585
-796
-629
281
839
845
1603
1799
2307
2934
2911
3255
3465
3502
3677
3839
4028
3878
3751
3776
3406
3151
3037
2790
2529
2312
2132
1741
1511
1201
1284
907
1068
804
464
450
584
760
635
767
430
385
584
810
689
729
374
609
683
629
896
607
643
660
768
854
793
745
831
1074
963
1150
829
850
997
944
1044
908
675
528
696
416
562
205
-127
-212
-564
-486
-951
-1349
-1489
-1842
-2071
-2110
-2445
-2726
-2966
-3196
-3289
-3394
-3550
-3642
-3744
-3844
-3795
-3692
-3474
-3412
-3089
-3013
-2827
-2370
-2272
-1764
-1545
-1245
-780
-701
-150
119
350
590
704
940
1050
1087
1388
1436
1453
1430
1399
1505
1402
1626
1538
1477
1575
1482
1473
1185
1283
1156
1041
1342
944
1071
962
1020
1338
1242
1076
1180
1166
1320
1607
1382
1348
1320
1323
1389
1530
1267
1216
1238
1125
1276
1211
1037
1070
1012
1150
1154
1008
850
762
764
867
752
779
693
409
600
523
437
411
55
6
-157
46
-171
-461
-485
-1168
-1035
-1071
-1457
-1539
-1838
-2161
-2149
-2174
-2349
-2494
-2768
-2643
-2788
-2739
-2866
-2848
-2772
-2764
-2532
-2459
-2346
-2242
-1859
-1821
-1720
-1529
-1502
-1252
-984
-1050
-675
-797
-849
-325
-346
-59
48
-127
303
366
178
557
355
330
566
516
472
742
648
925
996
1178
1151
1210
1730
1745
1879
2147
1965
2189
2421
2343
2627
2523
2280
2503
2367
2329
2424
2167
2249
1833
1698
1773
1555
1418
1194
1068
751
783
694
486
495
174
-14
-159
-102
-168
-458
-406
-579
-761
-572
-785
-820
-706
-886
-574
-653
-723
-713
-812
-611
-607
-655
-677
-752
-902
-691
-934
-1022
-1103
-1107
-1266
-1204
-1303
-1431
-1461
-1632
-1419
-1556
-1662
-1589
-1582
-1556
-1378
-1341
-1369
-1287
-1423
-1053
-1118
-1114
-946
-1086
-1046
-840
-678
-678
-450
-534
-232
-257
-55
86
203
158
258
376
490
602
625
849
752
1137
1293
1375
1588
1678
1764
2022
2040
2292
2558
2334
2528
2571
2440
2649
2702
2597
2503
2487
2035
2029
1913
1474
1251
795
616
466
256
-70
-304
-622
-823
-922
-1080
-1326
-1430
-1381
-1429
-1389
-1341
-1279
-1210
-1052
-922
-808
-529
-547
-382
-106
-151
77
55
25
103
241
182
46
-14
-91
-270
-307
-447
-755
-923
-1188
-1174
-1327
-1438
-1526
-1781
-1869
-1871
-1767
-1839
-1960
-2042
-2069
-2021
-1860
-1884
-1759
-1615
-1731
-1353
-1233
-1240
-997
-850
-797
-600
-582
-315
-327
-156
-32
-65
47
308
473
601
925
938
1119
1362
1515
1712
1929
1964
2247
2492
2584
2649
2754
2897
2904
3010
2936
2931
2765
2597
2576
2468
2096
2014
1748
1365
1175
970
634
381
100
-195
-551
-649
-891
-1042
-1249
-1426
-1446
-1451
-1271
-1396
-1230
-1247
-1236
-829
-788
-748
-462
-342
-62
119
203
535
304
451
405
338
441
151
242
228
-96
18
-306
-433
-497
-844
-885
-1278
-1447
-1455
-1641
-1600
-1812
-2029
-2117
-2192
-2129
-2165
-2012
-2142
-2182
-2044
-1997
-1725
-1657
-1320
-1302
-1176
-885
-846
-471
-368
-263
-52
-25
226
375
526
867
906
1171
1147
1475
1756
1860
2159
2213
2427
2479
2706
2837
2879
2968
2937
2889
2881
2695
2641
2439
2274
2125
1876
1864
1525
1170
1024
694
452
44
-273
-589
-831
-1095
-1224
-1457
-1816
-1837
-2087
-1963
-1984
-2134
-1981
-2102
-1928
-1696
-1574
-1401
-1395
-1205
-978
-878
-563
-526
-440
-284
-291
-141
84
-88
-200
-210
-275
-310
-376
-520
-602
-661
-726
-641
-752
-958
-915
-1158
-1005
-1066
-1205
-1043
-1241
-1064
-850
-957
-832
-671
-707
-323
-227
-61
112
195
422
588
765
640
762
856
922
1097
1168
1152
1241
1518
1508
1721
1865
1819
1941
2102
2125
2370
2409
2403
2555
2420
2314
2421
2234
2167
2113
1876
1784
1610
1290
1231
1128
783
486
221
-121
-407
-542
-811
-1189
-1385
-1589
-1798
-1814
-2112
-2093
-2199
-2269
-2215
-2101
-2037
-1948
-1670
-1658
-1372
-1120
-999
-789
-509
-527
-295
-129
-117
78
105
49
252
92
32
102
-117
-75
-100
-404
-326
-494
-608
-567
-990
-1019
-1049
-1126
-1094
-1203
-1318
-1397
-1259
-1269
-1131
-1064
-1015
-856
-860
-525
-469
-321
-218
-216
104
17
200
235
140
316
503
472
610
625
721
788
784
871
858
833
901
1039
1067
1105
1129
1159
1440
1264
1390
1407
1406
1511
1509
1580
1325
1287
1179
1104
1008
845
524
539
260
60
143
-215
-299
-322
-589
-656
-690
-896
-845
-939
-977
-778
-886
-741
-533
-630
-323
-181
-83
54
195
254
409
562
658
648
786
784
816
877
892
823
885
861
672
670
503
377
334
224
-49
-198
-328
-451
-553
-780
-930
-1059
-1226
-1184
-1164
-1196
-1283
-1189
-1160
-1125
-1046
-1201
-1150
-1082
-1137
-922
-822
-1002
-712
-850
-506
-383
-579
-353
-346
-239
67
95
267
322
285
777
669
716
1003
864
972
1136
1016
1044
1164
1016
1224
1072
1064
1047
942
935
957
821
590
533
275
286
125
-19
-291
-482
-700
-733
-900
-968
-1154
-1306
-1235
-1319
-1198
-1295
-1196
-1160
-1009
-875
-673
-435
-509
-197
-149
56
251
348
479
541
587
724
709
742
785
723
759
743
740
638
667
571
458
388
296
235
239
176
1
-45
-203
-297
-313
-511
-616
-708
-778
-726
-831
-802
-869
-872
-806
-676
-586
-695
-641
-516
-554
-329
-394
-461
-353
-322
-202
-138
103
91
181
319
435
585
736
871
925
995
996
1093
1209
1282
1250
1362
1288
1325
1460
1423
1616
1514
1392
1285
1212
1079
1019
953
796
587
401
320
82
21
-263
-395
-529
-783
-777
-940
-1147
-1162
-1455
-1439
-1489
-1398
-1498
-1509
-1346
-1467
-1300
-1130
-1175
-979
-860
-750
-474
-412
-174
-85
-66
81
147
234
327
375
380
295
320
241
331
289
116
25
-55
-25
-105
-119
-222
-285
-347
-340
-380
-450
-446
-518
-492
-370
-460
-313
-410
-416
-242
-287
-173
-115
-78
126
181
174
292
167
215
338
272
548
376
414
508
412
486
482
482
431
411
481
588
485
693
663
753
893
932
1009
968
947
907
1030
917
868
811
740
579
507
452
294
113
59
-194
-314
-445
-687
-685
-950
-1093
-1099
-1294
-1217
-1213
-1288
-1228
-1225
-1161
-1168
-1095
-1100
-931
-906
-720
-562
-512
-369
-194
20
12
170
235
185
320
449
384
521
590
417
478
492
487
577
538
515
552
377
527
509
420
439
253
208
180
155
19
-47
-70
-171
-248
-185
-249
-206
-121
-136
-73
-198
-168
-194
-152
-70
-169
-65
-171
-214
-15
-192
-57
-131
-148
-28
-30
184
363
405
539
535
660
821
815
893
844
855
882
864
882
872
780
767
733
720
663
577
436
305
194
152
-118
-139
-261
-411
-535
-699
-783
-928
-980
-1087
-1196
-1227
-1249
-1253
-1329
-1225
-1119
-1219
-1068
-1092
-966
-799
-772
-599
-425
-337
-138
-41
15
146
164
346
385
442
529
490
455
566
539
542
561
401
506
503
400
453
301
285
315
210
245
79
-76
-17
-138
-111
-158
-276
-186
-271
-330
-282
-368
-352
-395
-497
-514
-446
-436
-472
-377
-350
-260
-188
-87
40
171
250
491
515
653
689
927
1034
994
1203
1229
1313
1303
1286
1244
1209
1110
1067
977
899
641
605
511
173
-8
-220
-320
-542
-750
-811
-1204
-1213
-1388
-1445
-1438
-1685
-1621
-1672
-1575
-1452
-1444
-1273
-1174
-1051
-840
-673
-490
-363
-295
-105
46
75
149
260
233
359
418
367
476
422
344
417
399
409
352
242
331
344
368
441
356
278
286
266
277
331
225
180
199
107
11
1
25
-99
-135
-154
-237
-161
-245
-304
-302
-349
-315
-345
-400
-366
-505
-501
-508
-377
-351
-274
-88
1
125
281
468
533
749
785
843
1153
1242
1340
1478
1526
1560
1623
1701
1802
1709
1699
1692
1512
1405
1317
1120
1018
775
614
395
73
-37
-216
-415
-480
-710
-849
-1066
-1176
-1124
-1309
-1249
-1318
-1357
-1350
-1195
-1166
-1196
-1053
-1088
-995
-898
-856
-848
-812
-878
-781
-690
-709
-630
-502
-381
-377
-279
-340
-294
-348
-482
-450
-535
-632
-657
-662
-757
-655
-646
-704
-638
-654
-663
-544
-541
-526
-449
-434
-348
-307
-175
-129
-85
28
60
189
365
464
582
623
722
787
953
982
1103
1176
1294
1506
1572
1566
1734
1661
1671
1900
1742
1886
1751
1665
1638
1445
1442
1461
1309
1115
1031
886
819
723
573
436
235
10
-96
-219
-470
-565
-756
-889
-1037
-1178
-1297
-1394
-1428
-1429
-1507
-1482
-1451
-1450
-1346
-1295
-1271
-1252
-1164
-1156
-1029
-1026
-935
-763
-821
-838
-711
-671
-570
-529
-468
-557
-544
-491
-449
-349
-357
-396
-410
-395
-479
-468
-518
-568
-675
-590
-590
-421
-357
-371
-145
-108
28
73
157
258
274
378
567
660
742
920
1011
1198
1251
1499
1592
1547
1750
1678
1818
1967
1985
2030
2091
2022
2065
1923
1938
1855
1730
1538
1458
1295
1124
1068
777
568
412
182
30
-97
-304
-514
-738
-896
-1062
-1110
-1251
-1435
-1466
-1599
-1652
-1676
-1737
-1765
-1658
-1648
-1626
-1484
-1472
-1391
-1272
-1264
-1164
-1079
-1028
-958
-832
-834
-790
-705
-755
-686
-606
-468
-385
-256
-247
-151
-58
53
66
94
217
235
287
328
313
346
386
229
231
214
102
126
10
-85
-154
-128
-189
-166
-196
-167
-123
-155
-9
-62
53
100
95
93
258
317
446
552
600
790
758
837
859
950
1045
1144
1177
1113
1126
1111
1205
1116
1120
1109
926
1019
901
846
725
587
401
330
166
97
90
-38
-123
-194
-231
-389
-321
-440
-475
-450
-570
-595
-682
-672
-668
-622
-692
-703
-620
-705
-599
-563
-520
-443
-439
-431
-299
-325
-215
-153
-202
-122
-67
10
82
150
135
217
244
206
285
282
314
316
327
380
335
302
207
193
99
15
-18
-161
-222
-216
-286
-339
-400
-411
-415
-426
-530
-506
-508
-505
-387
-308
-213
-212
-80
34
88
159
169
235
273
310
309
346
362
330
351
384
384
353
359
410
418
363
391
250
168
115
15
7
-84
-85
-100
-176
-179
-111
-113
-95
-134
-212
-106
-142
-104
-48
-81
-46
-41
61
49
45
104
27
5
-60
-99
-109
-170
-208
-237
-311
-275
-317
-303
-238
-319
-327
-332
-394
-423
-479
-379
-373
-370
-361
-325
-329
-324
-254
-280
-287
-340
-314
-277
-285
-249
-312
-377
-328
-379
-365
-264
-298
-331
-270
-246
-230
-145
-146
-79
33
22
197
260
291
373
434
504
510
577
683
619
713
761
757
970
900
964
1044
1018
1028
1065
1117
1007
1005
944
830
751
602
509
392
306
69
54
-117
-227
-176
-366
-328
-397
-473
-454
-442
-407
-291
-228
-263
-274
-281
-239
-213
-183
-149
-112
-49
43
139
146
234
252
239
253
224
198
157
124
15
-103
-175
-279
-276
-363
-398
-475
-593
-597
-747
-813
-893
-873
-910
-848
-860
-769
-759
-680
-534
-541
-461
-377
-359
-219
-125
-158
-128
-128
-162
-108
2
-32
76
59
66
187
204
181
158
173
242
275
388
452
534
591
605
645
724
690
738
821
733
751
801
744
722
737
626
601
441
394
381
176
169
26
-104
-161
-381
-468
-568
-745
-768
-831
-838
-790
-775
-786
-671
-688
-526
-491
-340
-145
-137
123
243
321
387
519
572
664
716
806
780
804
836
702
713
534
431
365
216
142
41
-68
-226
-309
-489
-513
-591
-730
-722
-801
-902
-844
-966
-980
-930
-1096
-922
-934
-885
-823
-758
-623
-593
-537
-361
-279
-212
-20
26
125
234
322
461
378
445
471
485
593
610
626
558
616
583
528
580
571
540
581
525
546
486
505
465
463
444
385
403
386
394
379
369
258
303
149
123
129
-2
-38
-214
-206
-243
-252
-236
-202
-93
-113
-64
17
105
144
217
330
354
448
464
453
516
520
589
613
586
627
613
631
613
547
470
346
188
109
-70
-125
-188
-278
-432
-536
-648
-736
-875
-1007
-1045
-1139
-1229
-1305
-1235
-1260
-1294
-1261
-1283
-1261
-1114
-964
-861
-714
-585
-470
-370
-287
-220
-56
-72
34
190
218
311
374
471
532
542
590
544
550
463
405
378
288
227
177
114
41
32
-66
-94
-151
-274
-278
-303
-458
-487
-538
-639
-670
-663
-694
-700
-661
-571
-512
-389
-371
-359
-256
-200
-89
10
15
127
236
270
391
407
485
516
611
726
782
841
948
966
1129
1106
1172
1162
1189
1251
1229
1231
1082
1082
897
823
693
547
422
206
93
-73
-126
-256
-380
-409
-493
-651
-706
-750
-749
-774
-785
-728
-838
-739
-720
-629
-609
-458
-311
-237
-73
53
191
260
435
396
514
589
629
780
752
885
823
753
704
635
558
512
426
382
304
173
183
25
11
-121
-236
-262
-375
-424
-529
-536
-644
-631
-596
-703
-769
-799
-785
-809
-840
-822
-801
-828
-732
-692
-675
-562
-542
-416
-319
-172
-33
56
175
199
303
427
406
493
517
615
697
711
774
839
894
873
896
859
799
735
595
482
320
171
52
-95
-285
-352
-407
-530
-678
-745
-857
-924
-973
-1101
-1108
-1185
-1157
-1153
-1083
-1055
-954
-818
-774
-637
-512
-386
-260
-147
-66
4
77
172
252
315
363
450
516
619
648
664
724
775
765
668
569
536
426
368
235
167
103
55
42
5
-16
-124
-103
-188
-148
-108
-156
-159
-172
-194
-193
-186
-161
-53
-80
98
174
185
415
423
535
629
688
836
890
972
1013
1033
1083
1050
1114
1179
1095
1189
1079
993
1008
830
770
709
619
546
442
339
194
10
-124
-260
-376
-484
-671
-798
-873
-1050
-1161
-1221
-1388
-1462
-1499
-1565
-1684
-1678
-1710
-1728
-1711
-1666
-1624
-1531
-1403
-1317
-1121
-993
-890
-668
-486
-318
-68
25
229
379
477
620
706
775
847
855
911
931
915
993
961
908
940
924
851
806
762
668
592
550
428
402
313
252
222
119
124
101
64
131
122
110
254
193
242
306
307
347
333
409
369
411
448
448
467
494
365
345
215
271
-416
-768
-945
-1626
-1265
-1364
-934
-120
440
1318
2100
2503
2655
2407
1727
955
-312
-1102
-1892
-2470
-2442
-2314
-1743
-1260
-696
-484
-498
-842
-1316
-1968
-2734
-3041
-3414
-3505
-3157
-2781
-2311
-1587
-1090
-645
-236
-157
3
-97
-76
-35
-14
235
435
783
1184
1531
1838
2068
2206
1893
1577
1334
917
778
598
722
932
1337
1628
2038
2179
2101
1776
1412
955
297
250
-325
-253
53
206
694
1019
1221
1462
1341
570
883
255
-406
133
-406
11
-34
250
623
351
929
204
529
901
70
700
481
56
705
163
28
447
-11
230
20
640
373
95
698
60
385
401
-879
52
-624
-1884
-40
-1820
-1528
-720
-2404
-1224
-1316
-2262
-1646
-2296
-2163
-2336
-2724
-1876
-2591
-1808
-1675
-2091
-757
-2079
-403
-523
-1647
649
-745
-748
854
-377
5
1132
-275
890
973
969
1111
1634
924
1117
1491
388
1256
419
895
823
352
1405
600
185
1597
-380
40
727
-894
372
-733
-368
274
-1238
688
-638
-800
811
-1129
-319
974
-773
6
920
-270
-185
1136
-423
-14
1579
-896
1121
1474
24
1537
1103
211
1845
425
1062
1071
964
1595
222
1637
645
449
1250
-35
-224
999
-881
118
300
-499
331
-119
-995
-508
347
-2099
-201
-755
-1769
143
-1315
-553
-465
-984
342
-1233
-387
-234
-1527
745
-1162
-677
653
-1569
1730
-551
-468
2462
-1513
1594
1252
-1161
2034
-710
-288
2265
-1832
1315
1601
-1665
2126
150
-480
1564
-378
-390
1053
-934
132
-247
-212
262
-1393
850
-933
-1025
385
-1135
-428
-514
-950
-388
-233
-1163
-487
218
-1309
95
319
-1536
846
-248
-1237
1100
-639
-1239
1061
-938
-998
440
-403
-232
165
447
-901
1108
704
-1285
1510
-194
-1050
1511
-805
-588
1187
-327
-775
1070
-353
-1203
1000
-720
-1204
1072
-1139
-1384
674
-830
-1345
254
-194
-1937
597
-598
-1425
366
-747
-1231
835
-56
-681
1891
310
-834
3080
-663
210
3026
-789
2006
1547
333
1853
1224
1451
278
1366
946
233
1569
99
791
821
715
173
137
1567
-687
640
1471
-2374
2776
-117
-1847
2994
-1851
-217
1731
-1573
508
1115
-1426
515
-207
-434
-57
-386
-526
62
-886
-267
602
-1557
861
-485
-2185
1724
-1700
-708
872
-1777
657
-535
72
607
-449
229
222
-261
-38
-800
-59
20
-1764
-235
-565
-1882
-9
-1860
-1227
-854
-2068
548
-1534
-1690
513
-2670
-206
-1403
-1312
-288
-3071
1245
-1675
-1811
2337
-2357
-601
2092
-3003
1614
848
-1421
1869
-147
1017
117
1651
854
187
990
931
-185
1618
1339
-174
2229
219
1920
77
2161
272
448
2401
-2308
2531
482
-1347
2863
-1049
-35
1984
-1299
1783
504
-294
1328
-379
409
747
268
-101
1178
-305
1017
1066
96
2192
620
428
2076
27
1208
1116
421
1064
127
1909
-329
718
1876
-399
979
1769
-53
188
1411
-617
102
-526
-828
-409
-2066
572
-1737
-2067
996
-2303
-1891
224
-2276
-2148
305
-2460
-2612
287
-2898
-2388
243
-3050
-1590
168
-1884
-1716
-35
-1271
-744
-1388
-94
-1201
-1109
-221
-1563
155
-1076
645
-1800
1957
-646
-1305
3495
-2636
945
1585
-1800
1406
1099
-1947
2593
-415
-747
1689
-959
633
90
598
-1338
1424
539
-2525
2956
-577
-1705
3761
-1888
-348
4215
-2658
1274
2315
-1280
1510
1259
125
894
1205
1106
-741
2622
1076
-1178
4363
-1221
836
2970
-926
1332
874
28
1893
-704
750
2001
-1801
2141
290
-1707
1750
-394
-1115
33
-378
-33
-711
-917
908
-1953
509
519
-2506
1631
-538
-1319
-449
850
-2297
-1920
2842
-4989
-755
2357
-4482
139
2017
-3856
-210
1942
-3269
-573
2789
-1817
-1256
4408
-3242
436
3526
-4016
2316
105
-599
181
930
281
-1239
2739
-1374
-789
1983
-890
-796
2565
-1659
314
1112
-1906
883
-280
-802
-231
1370
-1953
857
580
-1725
1887
-1226
-50
60
673
-368
-147
1828
-1526
482
1698
-2156
1536
1513
-2305
2411
363
-2543
3379
-1422
-1851
4627
-3241
507
3311
-3530
2321
404
-1680
1571
-920
-132
-500
596
-845
186
243
-1247
1720
-1200
206
839
-413
-102
-580
387
-534
-1785
1151
-1069
-1156
1350
-1795
353
-461
641
-1395
864
-143
-821
1827
-1169
185
1266
-432
176
1944
-1939
2068
520
-1166
2619
-1225
1064
305
268
1053
-239
744
-237
-259
-53
146
-1968
1164
-1143
-1118
1606
-3038
1372
115
-1976
2103
-1474
-73
95
-819
-523
-635
387
-1282
121
369
-994
-589
956
-1394
17
53
-1020
508
276
-540
320
798
-1256
893
688
-1289
1507
1566
-2772
2911
573
-3695
4729
-2116
-1849
3785
-2679
988
731
-344
830
-941
878
-313
-844
1000
482
-1296
1100
20
-2369
1545
-1289
-1021
514
-1505
864
-605
-887
2281
-1268
-868
3326
-2936
1075
2338
-3440
2324
1133
-2646
2043
1537
-1550
2496
1025
-944
1790
1449
-568
245
1176
-105
-664
1724
-574
-966
2552
-1832
-1004
2370
-2252
-496
2139
-3371
1115
390
-2159
1084
-995
-624
-212
-278
-37
-1275
1235
-1600
7
1536
-2122
2189
-123
-611
1910
-563
2
1721
-964
259
34
206
598
-1425
3327
-2469
1724
1464
-2683
4159
-1404
648
1684
-929
1222
607
-357
947
250
-1178
1905
-2067
1025
1257
-3836
3314
-745
-3357
3096
-1500
-2558
2527
-2260
-2359
1590
-1737
-1919
-301
278
-2138
-1365
2163
-3149
-1122
3240
-4364
985
980
-2508
1150
-1140
770
-1508
531
536
-1300
492
191
-334
-785
1680
-977
-270
1092
-718
-1257
2575
-2228
-1477
2998
-3140
681
-66
-558
-774
-310
696
-2318
551
-8
-1467
420
602
-1393
1130
497
-1064
1141
382
19
347
1115
434
401
978
607
420
1437
328
1328
1114
-218
2085
1029
-907
3025
793
-1621
4106
-272
-1327
3809
-1306
-970
3847
-1720
-502
3961
-2135
287
2171
-1464
300
698
195
-866
1213
185
-1103
1939
-690
-124
1469
-1248
1502
-1333
1579
-426
-2024
2345
-2653
838
-523
-1344
1962
-1421
-820
2207
-2754
-2
2401
-3918
909
1368
-3558
1625
-203
-2058
1019
-942
-867
28
-149
-1734
-409
-294
-635
-1778
-259
-461
-1553
-418
-1593
105
-2292
278
-1926
-468
337
-3168
2072
-1863
-646
479
-1523
217
-215
-515
-361
647
-572
93
1008
-577
691
2116
-786
742
2630
-1428
1254
1835
-1102
554
2555
-1011
447
3401
-2441
1323
3074
-2962
1360
2624
-2543
2152
535
-1468
1659
-690
361
-442
468
153
-551
2117
-1591
97
1648
-2471
453
980
-2135
1144
-184
-1376
566
-854
-316
263
-896
38
218
250
-819
-7
810
-2139
1348
-104
-1936
2932
-1116
-264
1301
-954
92
-120
477
-290
-746
1838
-1498
-449
1804
-2838
1909
-1199
-549
1717
-2804
2181
-435
-2414
2693
-2267
-1285
2148
-1905
-842
773
277
-779
-53
1656
-504
92
2065
-251
-160
2556
-699
-44
3065
-2168
2989
559
-1044
3191
-1165
1256
1920
-311
1361
1468
-344
2412
-543
712
2394
-2585
2506
280
-1366
1798
-337
-1222
1306
-1096
-987
1038
-1848
227
-1051
-829
-366
-1159
-1505
-831
7
-1854
-1289
-151
-1942
-2149
692
-2506
-1857
1922
-2829
-1597
2535
-3193
-1685
2058
-3120
-1690
2056
-2816
-1072
2224
-3004
-72
755
-2167
588
-60
-87
-195
662
324
-1099
288
630
-765
762
403
747
873
-743
2639
-574
108
2520
-778
948
1755
-491
1101
1893
-358
583
1909
1848
-1226
3256
1147
-963
3395
-648
1061
2695
-315
1508
1611
254
2341
130
1421
1799
-382
2929
-335
423
2484
-991
1402
-541
755
308
-1903
2534
-2314
220
949
-2984
1323
-1358
-1912
-427
-1630
-850
-2609
-892
-317
-3996
357
-842
-3587
66
-66
-3203
-566
628
-4380
903
-548
-3871
1793
-1757
-1696
422
-1271
211
-1210
131
1100
-2661
1196
359
-2570
2932
-1993
-985
2616
-2731
268
1639
-2651
1568
480
-1812
1992
-513
94
160
572
622
-800
1030
746
-1089
2919
-1278
-83
2490
-1827
2138
-778
501
1135
-1027
2139
-89
155
2422
-719
1553
914
68
2695
-1394
3042
515
-932
4126
-1766
1392
2478
-1519
2872
286
169
2806
-1323
1943
352
-981
3185
-2215
84
2877
-3062
724
1859
-4116
2140
-374
-3369
2952
-1973
-1667
1583
-2226
-158
-738
-1322
501
-1750
458
-409
-1064
873
-1503
332
88
-2256
1893
-193
-2496
2413
-1258
-1637
2761
-1694
-1347
2872
-1840
-824
1805
-1646
418
-91
364
-143
-824
2088
-1876
883
335
-2118
1672
-1770
725
-256
-2075
1560
-1797
-794
592
-2065
183
-640
-1629
312
-1449
-894
-179
-1215
-897
-617
-225
-1016
-267
-360
-552
-604
29
-227
-1600
2336
-1821
-25
3104
-3636
2461
1939
-3886
4263
-639
-1446
4367
-3044
1864
1643
-1969
2150
-499
808
830
36
2083
-1150
1933
958
-1651
2883
-462
-218
2721
-1417
1030
2141
-2111
2025
958
-749
1769
861
-369
1308
735
-144
767
-109
1265
-408
560
571
-1292
2241
-735
-634
2067
-735
145
1649
-1617
1489
557
-2155
3168
-829
-648
2599
-1808
1073
495
-1402
858
-1159
653
-964
-1010
1870
-3069
-156
1187
-4008
2062
-1220
-2426
2475
-3759
99
-327
-2299
106
-1742
-118
-266
-1516
-576
1498
-2696
6
1172
-2532
672
457
-2016
904
1352
-3514
2366
-603
-1185
1780
-1158
743
802
-596
62
762
-383
354
-234
1208
-420
740
628
334
310
534
1559
-1553
2625
445
-623
1916
612
-722
1712
-1163
1372
938
-1711
3463
-2296
616
2022
-2972
1932
241
-1904
1419
224
-1827
2033
-1095
-1192
2556
-2899
1246
1650
-3516
2252
292
-3628
3137
-2102
-1454
2595
-1853
-1166
1309
-815
-1661
1919
-1420
-1194
2132
-1740
-701
1325
-2553
374
-378
-1706
1400
-2313
113
763
-1896
-341
613
-1253
-398
1178
-1427
-271
1060
-1005
-652
824
-732
-260
407
85
-1013
1617
-845
-1453
3401
-2397
754
1647
-816
1584
188
168
834
1405
-888
1453
1576
-788
1176
1258
-696
832
906
-764
1407
65
503
69
501
772
-1245
569
584
-958
27
913
-825
-536
814
-838
-900
835
-335
-1496
950
573
-1702
503
785
-1591
-116
1475
-2519
325
1248
-2811
592
25
-1200
356
-715
86
150
-609
475
192
-1035
935
-279
-724
689
213
-37
-197
632
-185
290
346
1
366
123
385
-14
-211
623
553
-843
1134
58
-346
1483
-750
561
182
643
283
-29
913
-579
896
33
-824
1406
-650
-287
1620
-1060
540
1258
-1402
551
1442
-1262
-633
2358
-1541
-614
1343
-1376
446
-452
-40
320
-1075
932
-173
-1237
1446
-361
-147
308
200
538
-588
1053
-274
-447
876
-825
-308
722
-437
-54
-594
1031
-1048
738
-512
-931
1885
-3092
1082
587
-3270
1281
-209
-3275
1400
37
-2664
575
448
-1896
-445
1259
-1901
-660
1561
-1925
179
226
-665
1265
-1979
1103
1025
-2070
1421
1061
-1712
886
1427
-1846
800
1004
-1314
138
296
-121
-316
-404
441
236
-1799
1522
175
-2573
2550
11
-2590
1991
225
-1946
738
613
-1061
210
270
-34
413
-349
422
630
-819
593
1376
-1003
621
2112
-1479
1076
2185
-1899
1727
1601
-1727
1793
989
-1287
1909
43
-230
1526
-240
-332
1401
-187
-108
1090
-687
582
999
37
-494
1404
628
-1210
1604
774
-1312
1605
45
-1002
1218
-1023
-62
184
-211
-627
-107
588
-1595
1040
160
-1974
1545
-110
-1970
1399
-960
-893
612
-919
-329
638
-148
-1232
1053
-588
-1472
745
-1200
-1056
450
-491
-1455
1
155
-1349
-118
-207
-913
290
-375
-861
199
-525
-316
-467
-472
-100
-792
927
-549
-411
420
-343
-17
-191
-79
60
-262
-591
961
-834
-175
1342
-1183
204
1198
-847
406
1247
-785
368
1347
-159
4
1981
-246
-333
2207
-181
793
1007
-326
1742
-377
206
1258
-514
38
492
101
-565
662
602
-1269
313
1325
-2149
325
1775
-2953
367
2123
-2934
-829
2596
-2263
-1206
2144
-2277
79
659
-1471
-27
-206
-1028
94
-629
-682
215
-251
-812
27
762
-1184
-367
1120
-1007
16
638
-786
823
-602
-625
1400
-1265
-323
1377
-1114
425
1147
-828
852
868
-162
-206
840
996
-1333
1006
1031
-968
1222
476
-65
540
272
196
-63
784
-407
755
658
-215
661
471
553
-585
1624
-41
-1095
2325
-1
-1046
1395
162
-157
221
-43
1049
132
-104
201
1107
-643
-935
1687
-786
-1209
1362
-415
-1140
518
-370
-1134
-788
797
-1450
-898
432
-1540
-201
-1154
-639
-37
-1595
-453
-26
-993
-267
-613
-691
-601
34
-412
-1141
620
-108
-565
99
-168
-591
456
-779
-137
756
-622
157
747
-140
-711
2044
-1093
157
2131
-1995
1448
675
-719
1469
-227
53
1335
-361
445
1042
-493
1229
766
-685
1019
715
654
-431
1204
1000
-692
1538
180
350
1460
-562
1142
619
-864
1153
142
-350
335
1120
-185
-606
2212
-562
-1013
2403
-939
-228
1842
-1818
596
893
-1717
-178
307
-460
-1288
862
-458
-1234
428
-752
-1356
-58
-643
-1439
169
-1104
-1721
166
-1013
-2210
10
-749
-2134
159
-1769
-1508
65
-3054
-814
6
-2428
-523
21
-1001
-611
-362
-244
-584
-726
563
-475
-547
627
-77
46
-486
859
593
-619
1234
940
-466
1504
848
32
1559
548
643
1011
1106
902
830
1307
673
852
1025
656
1120
644
162
1450
374
-72
1362
257
231
625
898
150
163
900
81
505
213
138
1013
392
-121
575
1112
-875
468
1393
-1579
957
994
-939
497
961
-834
-49
1490
-1185
-183
1659
-971
-85
730
-716
-376
412
-846
-1329
904
-999
-1818
844
-731
-1682
529
-766
-1648
338
-376
-1699
-276
516
-2466
-521
739
-2496
-439
367
-1456
-871
489
-618
-1286
1352
-1096
-1084
2095
-1399
-925
2289
-1386
-658
1931
-821
-239
1623
46
-605
1328
1028
-734
956
1077
-274
1136
280
288
675
94
279
288
-455
473
118
-1038
637
-382
-947
26
-587
-321
-467
-554
381
-1283
-450
-474
-1193
177
-1275
-387
728
-1258
-261
589
-1034
-439
559
-716
-350
720
-543
-366
711
-186
-745
934
116
-355
1151
264
-377
1047
368
-680
1176
262
96
1098
-185
566
442
56
613
493
794
0
455
825
285
-64
1060
348
247
961
-40
1145
-45
5
1284
-556
111
1081
-127
378
759
468
-86
600
158
-262
673
38
307
457
-290
672
267
-854
650
476
-618
22
932
-636
-1063
1217
-1058
-1233
878
-920
-873
316
-294
-1230
-469
-51
-1384
-683
-286
-887
-259
-1108
-745
-97
-1467
-425
-444
-877
-217
-772
-753
-468
-163
-1243
-562
177
-542
-422
-37
351
-867
-19
530
-841
135
830
-840
668
550
-274
551
152
428
526
119
1116
253
247
1181
-174
421
350
586
270
169
1014
151
99
598
-61
48
384
107
7
253
128
-394
209
311
-526
419
344
-72
336
192
-123
-37
-19
-264
328
81
-402
630
-185
-629
562
-489
-217
101
75
177
-191
242
17
-362
169
-50
-126
151
-111
298
-477
-349
173
-487
-158
303
-353
-60
398
-178
-424
256
-175
-629
474
-161
-331
316
-168
-516
-178
-1
-474
-112
243
-18
-120
171
-256
-71
-183
-351
325
53
214
-50
-145
495
-35
261
714
383
272
404
333
161
266
115
-331
480
-298
3
188
-458
122
-90
-373
104
351
-283
157
343
87
67
226
257
215
355
225
333
178
-41
443
-164
-32
319
-219
130
98
-181
-152
-24
-418
-262
152
-430
110
-258
-135
138
-455
130
112
-197
240
182
197
-51
192
110
-300
456
235
-243
480
184
-457
-174
110
-593
-247
-154
-398
-232
-248
-174
-448
-211
-313
-287
-191
-80
205
-142
-290
541
68
-511
794
102
-201
668
282
270
197
364
217
10
227
32
57
98
-95
104
-122
-165
-48
-268
-276
-347
-241
-402
-374
-430
-358
-497
-480
-296
-604
48
-558
-426
215
-668
-434
318
-615
-590
333
-531
-571
-39
-592
-227
-612
-411
-427
-442
-329
-253
-328
-226
-139
-194
-48
3
220
-223
326
131
-359
401
176
-385
723
210
52
544
535
262
205
669
210
241
472
341
557
358
342
526
360
323
785
374
446
936
140
628
695
327
772
512
588
728
536
615
662
485
702
770
702
801
542
640
504
379
555
86
108
417
-56
87
336
-335
136
-14
-186
147
29
-49
-66
-8
-101
-27
24
-247
-24
-157
-160
-289
-385
-167
-682
-403
-391
-738
-465
-343
-850
-494
-469
-859
-575
-611
-721
-713
-756
-867
-867
-676
-1159
-383
-507
-871
-98
-425
-600
-370
-501
-612
-387
-591
-375
-360
-306
-476
-260
-287
-457
-113
-396
-96
11
-379
113
-166
-468
144
-295
-251
179
-182
-15
204
-63
-31
129
16
69
156
290
350
23
563
392
111
706
266
550
579
340
869
494
362
708
402
473
597
728
418
852
633
537
683
667
501
541
897
159
508
740
73
311
795
-113
321
545
126
332
390
169
241
105
176
252
-27
335
232
115
133
236
133
209
25
58
203
2
42
2
146
-330
204
-85
-377
123
-291
-37
-248
-38
-196
-338
85
-271
-247
92
-143
-284
78
-291
-160
-272
-355
-353
-522
-607
-693
-509
-722
-823
-349
-687
-1050
-296
-700
-1035
-598
-592
-882
-601
-516
-709
-702
-840
-585
-709
-670
-403
-554
-437
-429
-473
-211
-372
-372
52
-280
-176
162
-104
-150
201
-15
-177
156
378
129
275
551
301
169
510
494
169
624
682
412
453
653
435
323
429
598
433
444
601
707
390
587
509
377
412
356
438
349
275
535
394
-26
546
262
11
533
230
126
309
210
305
138
198
352
152
283
372
84
217
292
354
64
174
394
-13
-281
301
-213
-390
176
-249
-94
45
-240
103
-46
-342
134
-165
-539
-24
-307
-546
-227
-273
-395
-462
-187
-396
-555
-328
-556
-409
-537
-664
-275
-575
-626
-194
-596
-575
-270
-467
-437
-238
41
-338
-73
155
-116
-84
165
85
105
363
166
137
163
155
-90
234
75
26
326
250
181
248
358
22
178
188
-62
283
13
99
133
-130
218
-138
-183
90
-224
-333
14
-295
-354
-49
-374
-367
-120
-460
-264
-386
-242
-348
-307
-220
-154
-85
-204
1
99
-13
77
399
163
202
534
397
175
562
596
290
560
557
586
475
643
606
506
437
497
641
127
537
654
61
357
424
13
154
120
-44
114
-15
115
185
-37
157
161
-38
251
104
-159
218
-123
-216
189
-248
-228
213
-241
-147
172
-83
-33
136
130
-237
222
96
-199
411
-197
-38
180
-380
-163
213
-291
-175
364
-272
-70
148
-181
-137
40
-191
-211
-194
-325
-335
-379
-369
-502
-413
-518
-509
-601
-506
-645
-591
-746
-705
-468
-803
-530
-587
-496
-693
-494
-429
-506
-208
-457
-134
-432
-283
-127
-529
-172
-74
-302
-145
167
-280
172
139
-114
420
265
94
386
396
285
366
311
524
252
224
494
354
-13
460
325
-5
429
311
164
447
395
437
535
330
555
544
399
670
492
341
589
416
324
587
280
495
396
325
577
187
265
551
194
52
529
69
140
343
142
-74
-7
144
-354
-6
89
-347
-275
5
-492
-432
-249
-578
-585
-493
-592
-624
-357
-648
-615
-446
-751
-486
-387
-579
-265
-234
-453
-255
-230
-528
-219
-294
-464
-192
-239
-478
-121
-277
-414
-164
-200
-185
3
-238
18
-43
-300
59
-143
-214
9
67
-65
51
-60
20
97
205
167
342
404
113
433
260
272
354
321
435
478
437
649
499
446
625
518
250
537
616
278
701
692
258
543
774
245
484
860
146
668
624
304
549
313
405
339
120
245
343
-43
137
242
-171
132
19
-203
-105
-294
-397
-465
-498
-404
-450
-407
-243
-283
-434
-306
-352
-339
-378
-267
-152
-523
-111
-210
-584
-273
-140
-537
-213
-115
-322
-83
71
-105
-79
-14
-191
-92
64
-283
83
-39
-348
57
-280
-166
13
-266
3
-57
-199
71
-191
-215
87
-173
-326
-69
-103
-391
-225
-184
-472
-434
-279
-448
-463
-646
-411
-631
-715
-257
-679
-489
-235
-436
-263
-109
-408
-46
39
-202
328
300
96
556
488
194
718
560
336
681
558
550
441
634
563
373
528
533
449
588
380
487
446
39
407
18
17
404
-48
71
355
-51
207
292
-42
405
272
52
373
215
11
281
36
-26
48
-16
-35
1
-54
-14
22
0
92
30
147
108
118
157
120
8
96
71
7
252
-45
162
210
-69
97
76
-81
63
67
-114
86
-209
-55
-59
-410
-22
-201
-248
-86
-223
-196
-110
-267
-286
-247
-387
-148
-220
-137
-95
-222
26
-56
-177
98
-10
73
140
3
46
-27
-65
2
-27
4
23
4
15
-110
-235
-147
-257
-401
-217
-417
-388
-319
-384
-395
-427
-329
-451
-388
-360
-489
-476
-504
-465
-582
-349
-367
-442
-161
-321
-319
-168
-333
-250
-241
-242
-84
-129
-170
-120
-107
-206
-283
-243
-71
-320
-111
64
-249
-67
156
-129
-153
167
-151
-85
225
-27
54
163
104
73
264
168
278
385
148
464
428
285
624
659
394
888
719
573
898
672
696
892
815
874
896
801
792
803
725
759
650
641
776
571
744
827
551
719
683
518
532
445
509
380
194
283
196
50
111
29
-62
-31
-106
-21
-136
-147
-118
-142
-190
-100
-329
-215
-283
-576
-418
-487
-554
-487
-526
-460
-389
-613
-468
-409
-600
-407
-256
-536
-272
-155
-584
-216
-299
-533
-166
-399
-271
-135
-445
-260
-182
-419
-286
-152
-353
-272
7
-363
-347
-86
-386
-401
-212
-291
-271
-136
-235
-163
-261
-236
-110
-269
-110
-114
-73
-112
-87
-157
-119
-202
-150
-56
-167
-129
-230
-159
-285
-302
-259
-214
-297
-163
-112
-234
-91
-171
-203
27
-62
89
152
171
236
-16
181
152
-60
177
116
-45
142
-10
20
43
-47
40
161
62
173
289
139
145
154
7
1
101
26
83
107
165
89
37
175
56
117
182
139
243
295
315
295
427
204
446
422
478
639
582
592
580
641
482
544
562
492
533
609
455
561
624
407
560
554
346
606
243
243
338
-107
61
112
-200
-118
-106
-239
-312
-289
-351
-372
-368
-475
-403
-402
-461
-385
-439
-450
-303
-351
-209
-152
-191
-117
-162
-143
-233
-158
-89
-184
-129
-60
-139
-165
-217
-89
-278
-352
-190
-323
-353
-303
-337
-447
-377
-234
-273
-343
-72
-282
-206
-130
-299
-188
-121
-157
-168
38
1
-9
180
198
46
219
229
171
197
166
240
70
62
135
37
6
247
159
56
305
307
121
206
285
153
121
269
151
38
137
47
-74
-31
1
-126
-153
-249
-197
-220
-367
-163
-258
-490
-208
-399
-580
-456
-472
-610
-587
-331
-499
-486
-194
-404
-428
-213
-320
-152
-5
-85
202
-30
97
362
121
201
468
272
301
649
397
494
491
599
650
554
756
675
701
693
605
515
547
358
338
376
201
263
212
61
207
233
-95
302
132
-53
222
144
-120
74
2
-231
-27
-165
-73
83
-86
-98
100
-42
-38
126
56
-45
-4
11
-177
-208
-156
-252
-241
-295
-303
-173
-449
-205
-307
-462
-271
-328
-230
-276
-107
-247
-356
-187
-312
-391
-200
-229
-428
-145
-200
-295
-146
-225
-179
-168
-86
-55
37
42
100
146
110
156
166
184
140
243
166
119
355
204
348
515
279
449
599
448
546
651
522
568
668
516
579
707
559
543
625
520
460
465
334
297
275
50
116
-8
-14
-37
-64
-167
-255
-87
-291
-465
-406
-541
-729
-609
-798
-949
-813
-962
-959
-915
-967
-993
-832
-762
-882
-876
-763
-907
-843
-736
-959
-864
-837
-890
-848
-786
-828
-720
-740
-754
-470
-642
-386
-298
-308
-69
-188
-91
-67
-93
29
194
42
380
378
245
574
528
510
640
682
728
762
770
918
783
946
976
804
1043
972
878
1036
981
933
1056
940
930
994
975
881
929
1010
835
859
945
763
768
832
705
697
678
614
543
455
439
341
324
182
271
126
92
108
39
-53
-128
-75
-253
-198
-286
-329
-398
-494
-562
-680
-729
-752
-688
-839
-734
-683
-905
-719
-743
-900
-746
-740
-757
-703
-753
-723
-696
-807
-735
-666
-735
-679
-487
-600
-617
-372
-526
-525
-291
-381
-427
-303
-188
-277
-240
22
-221
-144
62
-104
38
163
160
231
228
276
328
320
420
436
449
441
417
478
373
361
484
303
315
477
358
348
489
288
385
404
240
390
375
212
320
288
63
168
144
14
0
46
-57
-7
25
-64
-111
-76
-131
-198
-231
-225
-306
-267
-285
-336
-211
-333
-285
-214
-257
-277
-208
-133
-164
-141
-76
-129
-73
-12
13
0
38
123
138
84
213
254
166
262
336
189
148
235
167
62
99
51
-89
66
-53
-77
64
-119
-78
-13
-63
-43
-56
-55
-113
-26
-90
-233
-87
-145
-192
-135
-165
-236
-21
-86
-157
-47
28
-40
51
25
-30
141
-53
34
53
-157
-20
28
-148
50
-40
-145
49
-62
-112
14
-82
-137
57
-80
-76
62
-42
83
12
68
153
37
229
123
121
168
176
132
86
157
100
89
196
140
148
267
205
164
330
288
153
325
276
150
326
263
173
250
157
179
138
97
48
92
88
44
110
111
142
182
126
148
120
-30
89
-84
-28
-4
-164
-173
-136
-264
-240
-219
-339
-145
-268
-231
-78
-339
-232
-225
-364
-271
-304
-360
-426
-408
-371
-463
-395
-342
-413
-309
-243
-209
-126
-88
-20
4
-21
127
90
134
145
67
142
95
82
103
37
79
109
42
53
109
102
17
75
91
-37
15
106
90
75
163
111
149
174
192
135
242
186
180
220
122
282
338
170
258
302
108
195
233
59
84
75
12
67
73
127
101
89
73
115
-48
34
15
-128
-42
-63
-85
-157
-172
-104
-204
-173
-123
-242
-167
-116
-266
-172
-182
-283
-193
-270
-238
-192
-187
-229
-231
-192
-232
-236
-118
-214
-203
-91
-207
-130
-37
54
-50
173
66
27
141
80
54
51
33
3
57
49
191
192
269
327
362
322
463
354
302
518
307
301
399
207
313
378
274
346
269
361
373
335
352
342
246
188
250
137
57
199
91
45
22
-35
-129
-270
-145
-235
-311
-341
-301
-333
-417
-352
-362
-563
-443
-437
-565
-458
-446
-602
-506
-563
-565
-516
-646
-487
-586
-523
-524
-452
-452
-486
-292
-445
-416
-223
-359
-384
-182
-326
-313
-128
-180
-160
-159
-79
-147
-50
-12
-87
90
34
69
158
44
171
209
172
282
311
325
458
451
411
555
519
579
612
625
646
694
687
600
679
654
664
595
581
548
453
409
406
348
222
370
249
165
273
162
61
150
75
44
51
10
18
-62
-115
-138
-205
-203
-215
-303
-319
-281
-290
-367
-324
-334
-357
-343
-405
-343
-347
-405
-406
-423
-480
-491
-336
-401
-417
-315
-321
-317
-226
-224
-209
-162
-149
-109
-140
-48
-14
27
164
195
198
258
270
326
310
361
426
424
415
430
463
448
424
462
442
372
486
401
433
481
455
464
364
359
495
262
344
331
119
189
129
70
-16
29
-60
-33
-100
-120
-128
