SAMPLES:	14684
BITSPERSAMPLE:	16
CHANNELS:	1
SAMPLERATE:	16000
NORMALIZED:	FALSE
513
514
523
511
482
479
446
424
394
351
332
288
258
227
204
199
168
183
141
119
105
60
58
51
67
87
63
96
113
81
88
54
40
-3
18
16
22
71
57
72
57
81
79
39
38
31
11
5
11
5
-1
25
28
45
58
45
39
34
47
33
54
73
90
108
137
160
194
207
245
240
235
248
243
292
295
309
375
395
431
441
446
457
412
405
343
288
265
230
219
178
138
146
74
47
10
-40
-37
-45
-64
-53
-49
-53
-20
-27
-32
-8
-30
-37
-85
-113
-151
-198
-212
-252
-285
-322
-368
-387
-397
-421
-456
-494
-509
-491
-473
-440
-436
-463
-445
-458
-494
-492
-532
-545
-546
-522
-513
-514
-447
-413
-371
-322
-286
-258
-227
-184
-186
-154
-151
-146
-125
-145
-130
-100
-65
-22
49
138
160
239
303
366
422
450
482
489
553
571
602
626
612
636
599
567
556
536
534
498
506
475
437
448
384
388
379
373
359
354
358
314
306
274
230
198
174
114
40
-36
-65
-90
-127
-120
-130
-130
-128
-113
-115
-153
-142
-157
-171
-187
-203
-247
-278
-316
-362
-380
-396
-417
-421
-441
-452
-441
-437
-407
-413
-365
-375
-323
-277
-258
-194
-203
-193
-160
-148
-125
-125
-122
-127
-128
-103
-116
-107
-121
-115
-133
-114
-89
-70
20
50
98
146
143
167
170
157
141
91
45
28
-2
5
7
-12
-15
3
28
42
55
53
55
69
91
83
70
77
75
80
42
42
42
35
36
-13
16
26
39
44
59
98
134
134
163
161
166
187
182
202
188
182
187
195
191
198
231
232
230
242
224
233
257
261
277
305
307
296
272
231
188
197
183
216
204
215
192
156
166
133
150
123
156
173
172
184
167
144
88
37
3
-48
-86
-82
-90
-93
-63
-93
-90
-98
-135
-141
-202
-225
-237
-248
-269
-290
-296
-310
-313
-305
-315
-332
-312
-374
-390
-413
-458
-472
-477
-505
-522
-496
-469
-429
-395
-373
-360
-326
-320
-329
-337
-331
-350
-347
-331
-300
-249
-200
-174
-152
-135
-132
-118
-87
-96
-95
-50
-22
4
83
131
143
202
222
282
337
378
377
415
463
455
494
471
458
455
461
461
423
367
328
264
254
246
223
227
219
222
235
225
227
257
268
259
269
237
253
267
238
221
187
166
142
133
99
59
52
24
21
4
-5
10
-9
1
-19
-45
-47
-70
-101
-90
-119
-115
-144
-169
-192
-233
-216
-266
-255
-213
-230
-204
-135
-136
-123
-66
-46
11
32
49
88
82
98
68
62
45
71
95
134
149
151
171
124
97
66
23
-27
-79
-120
-156
-233
-277
-328
-408
-425
-473
-475
-511
-534
-515
-572
-590
-594
-586
-580
-535
-544
-579
-579
-567
-544
-523
-481
-452
-364
-330
-275
-223
-160
-128
-117
-50
-27
47
88
129
180
185
221
227
263
286
281
315
304
311
286
281
274
282
256
291
331
390
451
473
523
561
560
527
562
537
542
580
574
576
594
594
570
592
571
539
487
414
397
382
363
368
362
361
374
340
320
292
256
169
95
25
-38
-72
-144
-182
-250
-284
-327
-352
-351
-365
-367
-377
-385
-424
-432
-466
-465
-456
-470
-448
-456
-432
-395
-351
-335
-284
-295
-263
-226
-254
-185
-227
-179
-202
-177
-154
-175
-119
-121
-89
-65
-69
-52
-52
-40
13
39
51
82
80
97
110
114
134
102
115
84
80
94
74
61
28
-28
-50
-100
-154
-170
-204
-200
-186
-167
-117
-81
-67
-46
-40
-60
-38
-30
-10
12
20
48
50
73
130
159
227
270
312
327
334
360
368
386
382
374
370
350
329
297
296
261
234
201
178
153
166
192
172
244
252
282
320
328
354
321
286
234
181
87
14
-22
-105
-160
-207
-252
-255
-246
-227
-198
-179
-153
-72
-79
-27
-49
-71
-60
-104
-120
-115
-145
-162
-145
-228
-235
-254
-265
-254
-262
-213
-218
-210
-202
-202
-195
-173
-144
-164
-149
-142
-154
-194
-229
-288
-340
-364
-417
-393
-396
-346
-357
-343
-343
-354
-347
-326
-351
-334
-323
-354
-317
-315
-305
-327
-309
-316
-284
-261
-242
-266
-183
-178
-134
-77
-76
-1
6
87
121
197
250
299
346
339
346
318
275
260
234
203
152
143
182
201
227
268
257
280
333
307
351
315
326
320
319
328
289
346
307
289
298
281
266
274
280
264
302
297
345
345
337
363
362
338
327
356
377
398
389
394
364
368
308
230
177
84
52
34
0
-28
-7
-8
22
19
40
56
55
46
54
37
11
-16
-49
-60
-101
-87
-114
-141
-152
-181
-221
-280
-330
-410
-439
-483
-522
-524
-507
-476
-465
-459
-447
-439
-430
-419
-432
-428
-422
-397
-361
-417
-401
-399
-420
-411
-456
-461
-477
-484
-511
-516
-503
-470
-441
-414
-360
-334
-284
-238
-186
-170
-161
-152
-109
-133
-80
-28
24
90
107
185
204
272
318
310
362
401
424
498
562
609
653
700
722
727
745
719
692
702
642
603
589
563
528
508
529
504
510
472
495
466
449
427
363
327
263
222
113
59
-9
-56
-88
-73
-75
-56
-50
-46
0
16
46
41
22
21
-11
-44
-76
-126
-134
-194
-215
-222
-259
-250
-246
-254
-237
-232
-213
-175
-148
-131
-121
-86
-66
-73
-62
-76
-76
-82
-145
-162
-156
-181
-169
-164
-145
-128
-66
-28
-9
41
40
25
7
-9
-27
-92
-111
-152
-205
-252
-304
-326
-310
-315
-291
-209
-178
-143
-129
-99
-67
-44
-40
-105
-129
-108
-121
-142
-137
-148
-152
-123
-133
-146
-97
-78
-39
-13
19
53
93
122
107
133
101
117
125
128
143
145
142
98
90
50
36
23
2
-13
-14
10
5
-8
-12
-47
-52
-74
-110
-136
-148
-169
-190
-225
-212
-200
-188
-123
-104
-47
32
55
92
140
171
218
195
219
235
213
183
153
132
103
112
137
152
194
258
280
265
250
233
220
195
154
139
135
127
102
79
41
-40
-32
-88
-88
-99
-116
-95
-96
-91
-101
-71
-92
-74
-54
-84
-106
-150
-198
-240
-292
-332
-385
-437
-441
-463
-459
-428
-449
-457
-438
-444
-417
-394
-400
-339
-350
-341
-318
-335
-282
-263
-249
-228
-245
-221
-182
-167
-107
-56
5
90
161
224
289
309
350
387
431
462
515
555
585
673
689
735
745
762
793
817
810
794
775
732
729
686
653
656
666
639
642
604
557
528
449
386
328
273
225
191
158
151
139
161
136
72
57
-31
-92
-135
-192
-233
-264
-245
-228
-215
-214
-276
-303
-348
-424
-501
-552
-589
-635
-649
-666
-665
-654
-642
-641
-623
-648
-637
-677
-686
-659
-644
-597
-558
-509
-473
-457
-417
-373
-384
-373
-364
-346
-329
-280
-251
-224
-205
-191
-182
-163
-152
-156
-90
-88
-68
-17
-25
-9
16
30
16
38
53
77
90
127
188
194
252
251
251
289
307
329
341
347
325
356
384
424
486
542
593
621
656
639
641
612
545
512
458
424
375
345
361
343
318
304
287
260
231
183
123
112
70
61
92
91
95
92
82
39
24
-17
-46
-86
-161
-168
-213
-220
-222
-177
-128
-97
-46
11
45
46
73
67
77
71
85
57
90
94
73
90
81
92
91
93
104
85
69
88
103
111
95
129
84
98
116
85
114
57
53
-10
-27
-94
-173
-234
-341
-394
-471
-518
-595
-679
-752
-801
-849
-879
-864
-870
-823
-814
-755
-729
-724
-665
-646
-609
-548
-531
-482
-460
-425
-406
-401
-336
-353
-312
-297
-272
-240
-219
-169
-146
-58
7
58
122
172
178
192
197
145
155
145
127
171
155
160
173
168
212
217
247
318
378
430
473
510
534
544
567
557
519
548
538
559
598
583
594
606
606
628
639
681
688
695
719
672
716
728
690
719
671
673
648
609
566
485
469
408
379
321
279
231
153
72
-4
-61
-165
-202
-288
-374
-416
-456
-479
-498
-439
-428
-435
-419
-399
-378
-362
-362
-370
-366
-339
-335
-284
-281
-288
-262
-285
-255
-306
-294
-301
-337
-318
-332
-317
-374
-369
-422
-439
-450
-477
-454
-435
-393
-362
-343
-307
-297
-274
-260
-285
-325
-342
-366
-417
-450
-478
-487
-475
-463
-424
-387
-335
-276
-267
-223
-222
-204
-202
-202
-150
-142
-81
-30
45
130
204
272
294
315
346
358
369
390
390
423
437
465
474
444
462
444
431
489
484
553
572
599
623
628
630
588
564
535
465
442
392
356
360
353
386
379
379
399
422
427
413
396
383
361
364
377
360
340
318
284
246
206
145
103
40
10
-3
9
-2
-22
-12
-73
-77
-131
-175
-242
-309
-368
-444
-483
-530
-568
-605
-611
-668
-696
-733
-787
-798
-796
-818
-819
-785
-795
-765
-733
-678
-624
-579
-532
-520
-439
-417
-408
-385
-368
-320
-286
-219
-198
-153
-143
-119
-115
-114
-115
-107
-97
-90
-60
-56
-12
-2
60
85
125
137
159
188
208
250
284
292
291
318
361
371
412
443
414
406
375
356
358
384
431
467
495
554
616
620
680
684
694
679
636
654
603
582
536
510
449
452
443
414
406
339
292
230
194
176
155
124
115
77
74
36
19
3
-21
-9
-34
-43
-91
-117
-198
-267
-296
-399
-432
-451
-445
-426
-429
-432
-392
-390
-361
-353
-348
-353
-351
-374
-392
-385
-389
-387
-371
-311
-299
-274
-288
-318
-343
-323
-316
-324
-324
-370
-310
-305
-284
-252
-218
-219
-194
-159
-165
-148
-184
-166
-193
-246
-267
-312
-269
-255
-221
-171
-138
-80
-58
-22
-20
-5
-34
-36
-7
-1
48
75
78
95
77
79
95
96
118
175
182
242
311
324
365
366
351
378
381
333
323
326
356
378
410
418
428
451
484
500
546
552
554
543
498
486
481
453
396
350
299
230
189
151
82
72
42
38
39
64
80
72
94
99
84
78
54
9
5
0
-31
-14
23
23
32
45
72
53
22
-1
-30
-15
-34
-34
-31
-73
-109
-112
-150
-160
-150
-164
-167
-213
-208
-208
-222
-231
-258
-246
-243
-245
-215
-213
-219
-252
-301
-337
-383
-432
-473
-491
-498
-481
-480
-461
-452
-432
-426
-453
-449
-473
-458
-473
-464
-479
-486
-508
-515
-542
-544
-501
-518
-533
-491
-485
-452
-439
-427
-383
-373
-307
-280
-242
-184
-159
-119
-89
-44
21
50
95
123
176
250
329
405
475
567
659
740
808
866
889
882
870
823
773
732
662
660
586
565
569
531
530
490
475
468
475
467
463
473
475
496
518
495
481
452
417
374
378
313
277
284
231
229
243
219
243
218
175
153
126
100
34
-22
-69
-120
-111
-137
-127
-137
-157
-177
-155
-171
-195
-199
-209
-227
-247
-211
-244
-228
-237
-253
-253
-247
-222
-201
-182
-183
-147
-107
-87
-48
-24
-29
-41
-46
-93
-107
-119
-148
-174
-181
-191
-177
-165
-204
-214
-296
-366
-422
-499
-575
-626
-681
-730
-732
-751
-772
-780
-761
-728
-701
-675
-640
-576
-572
-521
-474
-481
-445
-403
-359
-327
-271
-211
-151
-94
-44
20
55
146
198
255
351
374
398
410
398
393
389
333
337
307
268
271
254
267
271
267
262
224
251
254
254
247
239
272
263
274
273
233
248
230
214
243
263
257
254
241
219
236
210
214
208
212
233
234
269
297
323
359
395
427
452
484
525
586
611
648
644
624
629
571
519
507
466
443
449
404
357
356
283
245
207
158
103
55
8
-32
-73
-123
-193
-238
-251
-305
-308
-318
-366
-390
-414
-443
-491
-499
-555
-614
-649
-704
-679
-713
-715
-683
-700
-643
-636
-604
-556
-551
-544
-491
-474
-439
-367
-375
-348
-331
-332
-318
-327
-322
-326
-333
-325
-291
-264
-248
-209
-202
-164
-168
-140
-155
-152
-133
-104
-106
-124
-54
-51
-10
59
78
122
133
145
160
198
225
164
177
184
167
220
284
317
368
372
373
403
374
379
394
371
363
378
356
367
358
342
335
297
304
313
253
263
233
172
152
122
98
141
156
169
198
219
254
258
269
271
280
222
196
171
91
44
13
-35
-59
-52
-49
8
59
78
147
166
171
190
180
110
31
13
-61
-123
-166
-228
-224
-255
-279
-216
-205
-141
-128
-152
-83
-86
-97
-54
-83
-108
-121
-180
-219
-227
-227
-223
-263
-240
-312
-324
-315
-338
-369
-399
-391
-407
-430
-445
-488
-455
-443
-416
-323
-316
-220
-233
-244
-251
-272
-310
-266
-265
-262
-218
-195
-152
-118
-64
-37
14
52
99
76
152
246
231
340
392
385
454
474
475
476
480
505
526
497
519
525
524
509
547
536
576
609
614
632
662
627
584
586
535
512
481
425
340
330
251
170
205
77
-41
-36
-120
-166
-97
-100
-101
-3
2
11
3
47
53
60
85
41
54
-14
14
47
-17
-12
-35
-101
-170
-199
-298
-356
-427
-500
-530
-567
-609
-606
-571
-578
-545
-517
-557
-621
-614
-667
-636
-635
-686
-579
-529
-560
-467
-421
-484
-390
-379
-405
-334
-376
-337
-310
-214
-113
-108
-32
17
13
14
52
-36
12
21
-48
-22
-91
-165
-123
-122
-75
21
34
137
128
170
232
275
319
343
446
360
426
388
378
326
385
239
223
301
48
74
114
-16
36
106
-112
62
72
-33
130
99
105
220
239
260
301
303
348
338
291
327
298
264
311
301
267
314
312
276
260
331
256
316
343
355
427
488
424
441
388
314
330
362
365
375
340
378
427
270
483
407
245
417
239
145
290
33
110
49
-79
-61
-111
-100
-101
-196
-188
-245
-386
-260
-496
-522
-414
-594
-583
-489
-633
-551
-560
-616
-630
-615
-663
-692
-671
-779
-842
-840
-905
-959
-932
-950
-787
-755
-732
-692
-624
-599
-544
-438
-445
-356
-219
-254
-79
-46
-57
174
96
126
274
219
309
432
387
481
524
397
414
441
345
281
401
243
203
326
309
203
371
344
229
388
355
279
412
357
476
342
365
559
193
488
412
281
338
310
294
482
281
527
486
478
717
501
701
715
676
560
584
502
343
400
310
314
214
244
220
267
260
343
128
130
54
-101
1
-214
48
-348
-193
-203
-484
-483
-397
-706
-643
-504
-937
-448
-692
-681
-513
-581
-623
-386
-607
-304
-531
-575
-157
-744
-480
-146
-625
-593
133
-976
-386
-43
-1003
-274
-50
-781
-203
-7
-730
-200
-87
-453
-457
-73
-537
-602
-215
-338
-624
71
-396
-341
193
-86
-280
556
-34
-130
808
-92
157
564
223
-120
749
-48
137
881
-163
315
807
-302
263
919
-665
540
712
-435
903
505
-316
1295
78
168
1161
-221
707
991
-201
956
550
209
393
610
623
-310
761
315
-234
324
259
-610
499
-51
-767
590
-131
-814
856
130
-614
1381
-301
187
1168
-808
1132
223
-489
983
148
-942
1516
-159
-222
893
266
570
-115
755
340
-158
272
216
-232
-380
814
-754
-545
666
-518
-142
-248
137
-64
-810
-86
374
-2211
842
-707
-1881
724
-1478
-854
126
-1372
-586
-68
-1105
-313
-794
179
-1234
-441
483
-1527
-283
440
-1367
-11
464
-838
-52
215
-395
151
-620
-233
466
-1442
791
-458
-574
315
89
-800
159
659
-1062
628
243
-283
-645
1505
-1445
492
772
-1118
69
859
-471
-443
1337
-1120
-110
1190
172
-1469
2392
-1024
366
668
-183
203
418
0
576
-384
665
384
-818
2374
-1973
1155
906
-1446
1275
1252
-2072
2252
325
-877
2306
-800
1226
-279
974
473
-849
1225
562
-1491
2557
-1078
-445
2008
-1402
486
1155
-621
-107
1677
-542
-2
689
801
-1724
2360
-614
-856
2054
-666
-181
1753
-966
-27
1794
-1619
598
524
-91
-820
1454
-373
-1089
1538
-129
-1727
2289
-1301
-1258
2301
-2819
682
703
-2353
426
509
-2343
523
-12
-1466
-761
784
-1945
-1182
1213
-2513
-420
886
-2528
428
550
-2451
2024
-1164
-1031
1494
-681
-1210
1553
-777
-1088
1405
-1292
-702
886
-277
-1737
1772
-1416
-376
1125
-1510
35
671
-1025
221
-134
-538
583
-624
-276
-31
-50
-183
-454
684
-763
342
478
-760
955
565
-931
1188
915
-1843
3254
-1256
-44
2432
-1374
647
1130
-643
198
1195
-1047
1030
481
-444
812
997
-1311
1722
777
-2253
2709
-225
-1944
3137
-1213
-1179
3330
-2667
467
2138
-2220
684
1481
-1039
-213
1557
-546
-1069
2205
-1667
-476
1648
-1620
473
469
-839
506
128
-69
161
-451
926
-628
-28
1054
-1477
1290
-165
-504
394
-467
-3
38
-392
129
673
-1208
1572
-388
-574
798
366
-1024
1032
-566
-139
173
-821
605
-307
-1354
1677
-548
-2223
3665
-2859
-153
2806
-2944
471
2181
-2704
1325
988
-1720
1369
610
-2166
2205
-809
-1688
2448
-2613
-231
1440
-2613
309
535
-1840
811
-213
-639
246
-71
177
-553
-259
872
-1706
451
712
-1788
334
1559
-1966
667
1064
-1132
970
-317
629
336
-1394
2091
-419
-1670
3176
-1616
-768
3063
-2213
-382
2668
-2875
1246
658
-1529
1332
-1294
623
34
-428
290
-100
-76
778
-388
126
857
-1205
1719
-1133
147
669
-1487
1441
-340
-1339
2635
-1655
-189
2613
-2567
567
2101
-2678
1345
85
-706
16
378
-202
-207
167
558
-552
1051
273
-787
1505
-346
-621
1534
-721
-436
2724
-3189
2116
460
-1629
2197
-724
-1212
2861
-2258
-259
2660
-3435
1370
643
-2193
1050
-470
-620
-385
-731
873
-2614
525
1159
-3787
1346
1056
-3127
1167
366
-2121
1899
-1415
257
541
143
-1384
2499
-2482
790
870
-1883
1289
-780
-485
793
-1405
191
1150
-1867
218
1446
-962
-553
1949
-365
-1169
1764
-491
-430
629
-272
353
-138
-319
2161
-2278
1634
669
-1173
1258
-393
550
-315
467
-140
825
-869
1567
-1030
1240
-720
145
854
-831
42
1097
-585
-112
1685
-1656
1918
75
-1061
2895
-1213
289
2154
-1125
33
2270
-1569
352
1530
-892
778
-357
1327
-929
1018
627
-571
678
291
-920
1559
-1729
160
1549
-3439
2200
-449
-1604
1859
-730
-980
1814
-986
-551
1701
-2191
1391
-1381
337
-420
-885
607
-237
-1230
980
-787
-1022
1735
-1695
-212
620
-712
-813
340
-140
-2093
2393
-1772
-1740
2584
-2850
139
166
-1478
244
-1548
-139
-342
-1574
196
-26
-2491
1769
-1559
-1265
1352
-2765
1502
-1321
-808
473
-1135
167
304
-1381
434
1015
-2075
854
1628
-2689
873
1468
-1842
253
1323
-2141
1523
1139
-2470
2643
-154
-319
2187
-1192
1596
-86
676
1247
-1227
1172
1480
-1001
739
1494
-941
1504
1365
-317
1327
716
832
1358
-996
2241
-110
-317
2180
-629
267
2102
-1030
488
3087
-2710
2968
194
-21
1320
239
898
259
872
-135
1173
-913
1380
-385
882
-465
825
-264
301
429
-2190
2453
-2436
16
550
-2282
1096
-1569
131
-1128
124
-102
-1242
-386
763
-2280
927
-933
-1661
2059
-4003
3176
-3653
750
543
-2590
1398
-716
-1285
647
-213
-2642
2445
-3012
590
-512
-170
-1276
1451
-2209
764
321
-2251
2154
-2096
-183
673
-683
-1486
1789
-1930
-57
-377
455
-1680
1690
-1325
-5
167
-411
633
-627
-290
626
287
-2361
3435
-2163
665
1466
-423
-994
3422
-2566
1498
407
433
-621
441
1496
-1879
1214
1504
-1796
590
2173
-1884
922
1588
-1015
550
803
-863
977
-457
657
390
-393
49
1941
-3174
2863
-402
-2083
2773
-2110
65
1512
-2702
2058
-323
-1217
1684
-209
-1608
2767
-1058
-519
1492
-1370
2176
-2594
2163
-569
-269
-55
567
-242
-1147
1392
-945
-462
758
-525
-368
1109
-1763
2061
-1008
-630
1825
-2311
1017
572
-1831
1863
-1148
-721
1344
-1264
-1512
2747
-2660
25
725
-315
-1122
18
1209
-2124
786
235
-147
-2247
3234
-1858
-1726
3696
-2202
-1048
2701
-1150
-1005
2176
-1620
734
-962
930
171
-1379
2954
-1334
-13
2228
-767
-833
3281
-2354
1176
1285
-1946
2229
-653
-316
2549
-3404
3590
-98
-2297
3019
319
-2858
4007
-2236
483
709
-822
1653
-1974
2692
-1674
914
-149
1635
-1635
937
1429
-2313
1327
884
-1959
1421
49
-399
-138
764
457
-1634
1211
1481
-2101
475
1205
-1385
-1219
3072
-3193
-451
3476
-3992
1088
1462
-3336
2646
-1178
-1517
2653
-3264
1741
-128
-2753
3666
-2932
-446
1883
-2567
862
-372
-1455
560
-2026
94
-515
-2425
2314
-2795
-334
1104
-2118
888
-1481
-47
636
-2690
1132
-442
-1493
451
-359
-1455
1478
-1890
2031
-2314
1347
79
-1687
1899
-1788
888
-1070
1147
-972
29
323
1117
-2153
3109
-1362
-69
1159
-1032
1131
-536
-270
1239
-1519
1195
591
-1696
2669
-581
-263
2004
-1244
1488
946
-699
2225
-1269
1554
-351
701
955
168
657
1062
694
-789
2224
-327
-440
2365
-2163
1429
-93
1197
-1503
2826
-1229
689
2756
-2676
3701
-721
415
1716
-71
-632
2185
-1331
809
-267
-47
1247
-2204
3293
-2134
546
2456
-3780
3881
-1518
-1207
3272
-2108
-1138
4073
-4405
1364
2124
-3441
2222
-1243
1573
-2557
1988
-1133
-1157
882
-373
-1762
1262
-292
-2184
2996
-3936
1916
-1814
1062
-2617
975
-1047
-1496
99
-1088
259
-2184
751
-1226
-1389
803
-811
-1817
1649
-2460
452
-645
-2026
1309
-971
-1796
643
-807
-1057
-12
674
-2377
804
-1096
-573
-342
-650
-36
-312
-2078
2371
-2868
-308
2722
-4852
3160
-1092
-2390
3281
-2585
-434
3984
-5388
3972
-702
-1442
2265
-1292
1396
-464
-16
2073
-1879
889
2666
-3005
2488
1404
-1771
2233
1363
-1423
2561
595
115
1401
922
403
646
2538
-1603
2735
738
-533
2789
-137
162
2947
-1449
2319
951
-852
3529
-1475
2081
739
-25
1967
-991
1819
566
-1547
4005
-2812
2321
168
-701
1259
-664
-73
1034
-1975
1522
-1279
-497
363
-1781
533
-1592
659
-2388
1531
-2144
-136
376
-2541
1378
-1630
-1453
1199
-2308
-737
-10
-1255
-1738
-473
-564
-2564
200
-1028
-1593
-421
-1301
-124
-1268
-702
15
-1437
-423
-186
-1801
1260
-2601
761
-455
-2035
1925
-1667
-609
1265
-1754
834
-33
-1246
1228
-1309
1177
-1370
1582
-1207
241
667
379
-653
1361
965
-1620
2665
-799
1234
-474
2727
-1094
1445
1477
-894
2211
395
1103
-243
2516
-1024
2052
883
-415
1648
961
-225
760
867
-670
1307
231
774
208
1554
-168
1278
1319
-523
1985
235
-279
1349
381
-1130
1970
-440
-899
2022
-642
-731
1347
-548
-1106
480
735
-2590
1168
509
-3299
3349
-2075
-1931
3047
-3195
-15
1012
-2213
-232
-333
-150
-3655
2894
-2991
-1714
1130
-1673
-1286
360
-1166
-1197
650
-1718
1599
-3897
3090
-1858
-896
486
595
-2582
1901
-45
-1830
2391
-2663
2383
-1751
424
-122
-245
-1577
1723
-2292
-237
1489
-3283
2646
-1589
148
-448
307
-1456
457
-929
269
-1248
-69
355
-1272
664
815
-976
289
2549
-2961
1984
-15
314
-1265
2773
-1504
975
1089
-253
1250
-350
2487
-1569
1381
1129
639
-1559
4131
-3168
2366
1078
-2393
3874
-1826
479
1427
211
-1536
3618
-2700
2648
-809
1159
741
-1330
3613
-2195
706
2794
-3116
2607
-206
-1307
3181
-3292
2924
-1100
-379
2663
-2158
1273
1765
-3495
4795
-2127
-556
2835
-1902
1187
-654
1433
-1945
1685
236
-1091
1437
-207
-1053
1391
-721
-472
-112
-525
333
-2208
2079
-2056
-922
2764
-4649
2257
88
-3424
2488
-1224
-2318
2265
-2629
157
369
-1977
1785
-2181
528
-71
-2066
1130
-663
-1483
1137
-1609
-411
-27
-1713
495
-1380
-656
-131
-1454
-623
326
-2058
129
-835
-604
-1177
247
-1393
-944
571
-1548
-456
412
-1048
-701
884
-1661
-52
192
113
-2006
2658
-2260
1513
-1175
1448
-359
-260
1390
-627
59
-284
1564
-1945
1492
-98
435
-554
2034
-686
871
2030
-908
2547
-341
2688
-492
1536
822
780
980
921
1776
-705
2590
693
-448
2812
-677
1574
1303
-363
2226
-613
784
2698
-1596
1985
3009
-2992
4083
-933
629
2187
-1801
2977
-1669
1216
1532
-2792
3165
-173
-2397
4176
-2542
-468
2909
-2736
955
325
-422
-1066
1146
-1303
-477
-182
-1496
441
-2770
593
-1649
-1098
-456
-1652
-401
-1491
-864
-359
-1859
-902
59
-3292
489
-987
-3051
671
-1228
-1938
-200
-901
-1246
-668
-487
-1346
-1119
154
-1720
-864
1535
-1931
-731
1965
-2049
1011
484
-379
-167
602
-691
-345
56
227
-1169
893
341
-1675
2585
-1130
743
845
-177
988
399
424
734
780
-650
1699
48
408
1160
1079
300
1109
934
1061
102
2071
118
507
2559
-1554
2141
475
-683
2559
-784
1110
1312
-1369
2262
-264
-289
1925
-1104
549
761
-631
476
700
-964
1980
-1121
150
1664
-1814
1085
1194
-2938
2733
-744
-2414
3548
-3546
873
106
-1463
-15
629
-2490
1440
-716
-2647
2151
-2492
-444
612
-2318
71
790
-3436
2423
-2457
-763
2072
-3641
882
-603
-1824
-118
-495
-1727
629
-1468
-716
250
-1027
-1003
953
-1420
-618
1651
-2827
1463
-913
-418
850
-1380
827
652
-1590
1989
-578
-178
1079
-1031
809
-215
434
-447
838
-1093
1166
561
-1573
1561
317
-793
1295
323
-826
1570
-665
997
-130
198
1316
-483
-199
1623
-224
42
1670
-303
509
1013
1055
-323
1332
524
845
-100
1392
233
42
1676
-84
521
1134
-66
453
970
-226
939
-620
1911
-961
861
699
-848
1864
-699
372
1008
-616
773
596
-745
1613
-1533
944
210
-1475
1151
-443
-708
852
-763
-162
750
-1161
701
-611
-332
-144
-216
-812
164
-781
-614
653
-1973
77
68
-1721
800
-1162
-1285
673
-1555
-511
-137
-1379
-262
-475
-1382
29
-373
-1407
318
-1117
-761
-45
-1137
-785
118
-1388
-195
190
-1925
943
-945
-786
834
-775
-154
501
-832
299
337
-465
333
-273
-116
-74
30
-134
504
-80
604
251
6
481
-495
534
-152
263
358
-477
316
-174
382
-354
962
258
-117
1036
-383
366
594
107
51
376
-22
10
330
-59
709
-631
1170
-447
232
507
125
127
-74
492
254
-364
668
375
-279
903
163
510
-150
1066
608
-320
2126
-632
959
473
-131
1344
-856
1538
-240
569
734
184
146
1007
-134
770
929
-501
1585
-466
614
722
-276
901
186
162
431
272
-235
758
62
343
497
-88
64
281
179
-373
644
-433
262
-380
101
-561
-630
163
-1036
173
-1060
-75
-874
-377
-880
-205
-933
-1339
-69
-1127
-1291
-110
-1888
-807
60
-1486
-113
-159
-1058
-165
-357
-988
-46
-323
-252
-257
43
-371
-367
-174
142
-204
-362
57
-907
-545
256
-1372
276
-303
-1225
367
-1266
-676
-101
-1486
221
-1003
-424
-699
-812
289
-1158
902
-653
209
472
332
942
212
1191
886
613
1388
1055
364
1846
582
1009
1580
356
1309
641
483
748
-303
-387
509
-948
-665
-794
-2092
-933
-1648
-1384
-614
-2164
-1024
-1146
-1519
-716
-1375
-306
-663
-557
645
-439
-103
1295
481
1076
1903
1159
1200
2053
1513
1423
2283
1212
1888
1413
1275
1598
841
1666
762
1247
1412
24
1326
654
105
1960
271
1237
1346
1208
1209
1636
1661
1566
1642
1789
1641
1176
1745
408
1118
455
-136
-618
-881
-1360
-1816
-1923
-2873
-2914
-4081
-3836
-4151
-4136
-4092
-5123
-4023
-4949
-3690
-3316
-3660
-2654
-2730
-1864
-1365
-1101
118
191
1295
1593
2200
2303
2423
3440
3226
3729
3233
2968
3166
2278
3016
2087
1440
1739
534
836
-102
105
-568
-1028
255
-1361
-977
-175
-1462
431
868
-226
1915
923
1956
3005
2271
3207
3494
3128
3769
3309
3594
3593
2585
3481
1575
613
1788
-83
-1122
-1573
-3886
-3327
-3796
-4821
-5060
-6454
-6666
-5852
-6983
-5943
-6135
-6216
-5650
-5196
-4185
-3898
-3008
-1764
-1197
-60
1278
1417
2611
3834
3909
4830
5109
3931
4890
4424
3579
4363
3036
1691
2141
450
130
-740
-1394
-2658
-2645
-2624
-3566
-3468
-3804
-2184
-3219
-1801
-1418
-1433
-425
1171
706
2698
2172
3112
4466
4339
5864
5775
6679
6637
7031
7363
6872
6870
6285
5967
5525
4133
3916
2965
2278
1556
913
190
-1038
-3260
-2815
-4134
-3933
-5063
-7633
-7801
-8631
-7402
-6336
-8581
-8658
-7053
-7506
-6013
-4680
-4357
-4180
-3000
-2205
-842
137
1175
1933
2822
4337
4307
4968
5253
5627
6614
5554
5473
4508
3019
3346
2021
1609
646
-1466
-1756
-3909
-4160
-3720
-5894
-5523
-7029
-7207
-6892
-6835
-5769
-6080
-4606
-3597
-2581
-1995
58
934
2699
4041
4715
5630
5990
7186
8109
8364
8928
8255
8992
8501
8514
9190
7688
7480
7056
5247
5735
4190
2900
2838
875
885
-464
-1458
-2342
-2343
-2745
-3341
-4068
-5677
-6535
-5760
-5826
-6845
-8095
-9382
-9501
-7383
-6469
-8334
-7894
-7191
-7340
-5326
-4389
-4205
-4112
-3986
-2641
-1278
-545
663
929
1672
3224
3642
4400
4982
5655
5912
6650
5539
5819
4864
4032
4767
3369
2680
1084
-755
-1009
-1389
-1770
-2323
-3908
-4421
-4991
-5169
-4645
-3901
-4392
-3596
-3630
-3244
-1281
-716
1010
1634
1908
3260
3323
4228
6110
5711
7120
6698
6395
6843
6961
7539
7755
7651
6579
6557
5780
5890
5758
4851
4176
2756
1750
1399
467
175
-441
-1365
-2603
-2305
-3217
-3505
-4600
-5667
-5081
-6178
-6445
-7517
-9054
-8910
-7301
-6657
-7290
-8887
-8019
-6828
-6126
-4618
-3796
-4675
-4808
-3440
-2394
-557
466
842
1277
2036
3956
4527
5597
6386
6479
6590
6221
6423
6030
5486
5988
5307
3962
3275
1332
1738
771
700
253
-2513
-2423
-3752
-3756
-3396
-4275
-3215
-4081
-4177
-3489
-2941
-1744
-467
747
-92
-98
1554
1503
3604
4536
4029
4351
3884
5389
6140
6609
7550
6175
6782
6021
6102
6851
5645
5664
4512
2830
2525
1668
928
562
-646
-1342
-3004
-3712
-4014
-4258
-4656
-5306
-6417
-7788
-8426
-7228
-7407
-8156
-8969
-9800
-9698
-7766
-6766
-8356
-8199
-7152
-6827
-5437
-4055
-3282
-3704
-3254
-1383
-348
942
2198
2532
2648
4560
5640
6114
6997
7211
7508
7577
7728
8317
7458
7120
7054
6523
5668
5147
4120
3126
3095
2049
1633
235
-1001
-579
-1815
-2327
-1969
-2499
-2873
-2871
-3481
-2605
-1815
-1364
-1224
-1773
-1160
-100
60
1470
1473
1269
2446
2430
3765
3916
4115
4458
5157
5054
5254
5309
4786
4540
4759
3946
3017
2228
1689
1428
436
30
-703
-1687
-2513
-2215
-3414
-3602
-3935
-4915
-4868
-5460
-5950
-6187
-5854
-6121
-6207
-6708
-6814
-6716
-4946
-5222
-6103
-5318
-5180
-4834
-3839
-3379
-3211
-3404
-3466
-2682
-1706
-547
-522
-175
-382
470
2220
2486
3506
3709
3233
3960
5059
5601
6179
5791
5427
5536
5517
5896
5728
4767
4411
3856
3103
2982
2404
2111
1016
444
189
-306
-269
-921
-1340
-1635
-1626
-1890
-1722
-2429
-2209
-2274
-2366
-1874
-1262
-1997
-1276
-693
-723
553
779
1512
1969
1797
2979
3232
3444
4117
3507
3729
2887
2995
2835
1619
1564
578
-572
-952
-1258
-1786
-1995
-2002
-2697
-3069
-2591
-3224
-2799
-3203
-3585
-3402
-3962
-3227
-3591
-3267
-3025
-3051
-2984
-2861
-2055
-2165
-2358
-2006
-2075
-1815
-1752
-1431
-934
-1693
-542
-731
-138
849
554
1649
1239
2048
3505
3159
3985
4286
3938
4310
4683
5203
4935
4706
4184
4055
3379
3423
3196
2548
1460
707
-322
-793
-1245
-1827
-2172
-3616
-3689
-4308
-4036
-4135
-4304
-4320
-4804
-4606
-4298
-3640
-3458
-2522
-2600
-1279
-1092
-621
867
793
2108
2410
2662
2992
3313
4141
4263
4639
4263
4238
4168
3887
4315
3917
3231
2736
2397
2177
1624
1521
543
-51
-104
-741
-1053
-1553
-2044
-1963
-2713
-2256
-3081
-3311
-2926
-3386
-2676
-2885
-2830
-2674
-2368
-2311
-1697
-1482
-1154
-989
-773
-347
-111
570
734
1060
1084
1137
1759
2013
2036
2496
1908
2101
2182
1817
2255
1809
1567
1318
838
637
501
169
-263
-613
-1110
-1637
-1832
-2166
-2829
-2604
-3231
-3907
-3640
-4340
-4237
-4074
-3992
-4290
-4047
-3988
-3753
-2984
-2936
-1997
-1572
-1944
-93
-26
228
2044
1607
2389
3212
3302
4095
4301
5032
5062
5083
5349
4950
5656
5336
5179
4611
4352
4252
3869
3902
2986
2427
2054
1289
1536
940
-16
-90
-653
-902
-577
-1372
-1387
-1728
-2032
-1285
-1854
-1912
-1730
-1940
-1958
-1073
-1638
-1295
-1480
-1335
-1011
-939
-1038
-875
-1254
-1382
-953
-1357
-1530
-1818
-1961
-2347
-1953
-2319
-2706
-2695
-2771
-2705
-2877
-2840
-2787
-3290
-2837
-2798
-3096
-2762
-3015
-2940
-2626
-2598
-2589
-1954
-2373
-1688
-1294
-1327
-224
-552
254
347
908
1793
1807
2441
2631
3054
3307
4111
4149
4308
4601
4585
4513
4962
5223
4886
5362
4429
4713
4453
4653
4665
3871
3832
3286
3136
3198
2823
2423
2029
1697
1280
1285
937
457
554
88
-376
-147
-807
-950
-818
-1418
-1119
-1778
-1454
-2103
-2114
-1849
-2050
-2255
-2643
-2675
-3006
-2709
-2630
-2838
-3046
-3164
-3354
-2847
-3199
-3246
-3329
-3738
-3500
-3830
-3920
-3895
-3930
-4099
-3874
-4064
-3744
-3526
-3671
-2938
-3012
-2924
-2053
-2209
-1612
-1376
-1007
-307
40
370
1024
1336
1634
2655
2636
2950
3479
3605
3908
4553
4250
4585
4675
4098
4849
4649
4627
4839
4078
4136
3843
3752
3582
3133
2751
2347
1820
1681
1526
1071
865
817
23
102
59
-660
-226
-711
-1179
-1274
-1263
-1540
-1026
-1310
-1372
-1267
-1523
-1348
-799
-1146
-1008
-1115
-1498
-1022
-965
-677
-773
-1106
-1180
-690
-967
-549
-841
-894
-1290
-1023
-992
-1364
-1453
-1771
-1918
-2097
-1960
-2446
-2387
-2349
-2646
-2492
-2349
-2627
-2486
-2561
-2319
-2063
-2383
-1652
-1789
-1645
-855
-490
-125
238
753
850
1609
2013
2336
2819
3023
3234
3713
3795
3780
4097
3863
3835
3856
3574
3086
2956
2640
2184
1962
1424
840
402
124
-203
-553
-887
-1081
-1607
-1690
-1514
-1796
-1624
-1876
-2125
-1845
-1928
-1519
-1578
-1570
-1106
-1034
-602
-18
-70
590
636
804
1603
1407
1896
1918
2119
2560
2497
2862
2588
2609
2633
2281
2260
2005
1535
1209
894
641
158
-471
-710
-1230
-1524
-1860
-2411
-2502
-3191
-3204
-3328
-3528
-3548
-3735
-3710
-3369
-3174
-2921
-2382
-2433
-1570
-1201
-823
217
273
944
1591
1770
2707
2591
3389
3690
3438
4107
3732
3903
3972
3553
3376
2809
2346
2074
1376
894
78
-656
-1203
-1736
-2246
-3004
-3360
-3821
-4470
-4397
-4820
-5074
-4845
-5104
-4834
-4835
-4489
-4246
-4053
-3475
-3182
-2611
-2128
-1860
-1307
-791
-247
252
835
1193
1279
1976
2280
2602
3033
2976
3094
2835
3014
3017
3123
3093
2387
2517
2147
1888
1786
1640
1189
732
582
80
190
-200
-197
-113
-642
-410
-631
-735
-147
-249
-204
103
45
574
733
998
1456
1408
1894
2046
2492
2579
2725
3214
3122
3212
3326
3148
3045
3149
2890
2802
2527
2318
1983
1719
1589
1065
777
-13
-68
-653
-934
-1243
-1646
-2044
-2584
-2740
-3070
-3198
-3339
-3626
-3847
-4004
-3818
-4113
-3787
-4138
-4098
-3722
-4150
-3538
-3712
-3459
-3170
-3191
-2691
-2220
-2283
-1515
-1354
-1010
-504
-244
241
409
916
985
1449
1694
2090
2134
2305
2401
2355
2589
2432
2651
2384
2198
2022
1828
1823
1422
1369
995
626
420
241
38
-357
-357
-832
-999
-994
-1398
-1392
-1450
-1351
-1625
-1355
-1277
-1272
-857
-902
-468
-387
-89
281
603
937
1240
1497
1925
1928
2225
2472
2437
2760
2731
2755
2518
2590
2584
2148
2068
1964
1523
1302
1020
531
315
-293
-497
-1026
-1453
-2062
-2286
-2759
-2979
-3188
-3647
-3646
-3740
-3868
-3711
-3559
-3677
-3181
-3304
-2715
-2272
-2185
-1370
-1156
-581
46
431
1004
1596
1773
2438
2824
2932
3538
3468
3653
3900
3759
3482
3339
3104
2998
2562
2163
1873
1008
747
508
-194
-454
-1144
-1581
-1996
-2214
-2416
-2661
-2647
-2865
-2745
-2654
-2567
-2294
-2091
-1885
-1465
-1333
-972
-524
-252
311
365
927
914
1231
1589
1673
1834
1947
1807
1833
1977
1513
1977
1334
1256
1329
915
1010
664
537
123
123
-192
-303
-384
-689
-709
-776
-706
-686
-796
-633
-613
-831
-295
-725
-481
-518
-691
-457
-670
-533
-763
-753
-919
-921
-786
-952
-917
-1009
-1116
-1047
-730
-920
-720
-587
-588
-239
36
455
632
1016
1325
1525
1914
2012
2512
2430
2617
2606
2614
2688
2567
2803
2271
2184
1993
1655
1564
1185
778
609
139
-71
-410
-794
-964
-1327
-1460
-1902
-1814
-2004
-2341
-2113
-2663
-2463
-2502
-2579
-2343
-2571
-2315
-2163
-2074
-1802
-1703
-1371
-1049
-984
-562
-472
-172
179
261
474
488
850
777
1008
1240
941
1186
1055
849
960
629
630
283
-117
-78
-568
-829
-828
-1613
-1849
-1969
-2485
-2451
-2705
-3036
-2873
-3169
-3163
-3058
-3259
-2879
-2723
-2266
-2012
-1684
-1143
-661
107
842
1042
1697
2153
2720
3492
3788
4347
4505
4932
5311
5248
5643
5508
5429
5677
5042
5156
4813
4217
4038
3543
3149
2605
2173
1523
1085
813
274
-211
-513
-1334
-1491
-1936
-2167
-2448
-2779
-2987
-3338
-3271
-3359
-3143
-3075
-2965
-2831
-2450
-2220
-1772
-1350
-1233
-808
-620
-342
68
384
591
824
972
1237
1316
1526
1564
1569
1465
1357
1359
994
908
538
191
-83
-475
-890
-1249
-1711
-2088
-2411
-2843
-3132
-3297
-3703
-4034
-4096
-4344
-4339
-4409
-4053
-4195
-3842
-3345
-3399
-2756
-2287
-1900
-1317
-860
-544
276
575
1221
1815
2174
2591
3074
3365
3785
4076
4244
4483
4335
4346
4313
4119
3924
3555
3218
2937
2532
2131
1834
1386
1005
676
177
54
-498
-636
-909
-1199
-1422
-1637
-1684
-1823
-1497
-1577
-1401
-1302
-1369
-1069
-753
-565
-186
-298
-104
276
151
777
729
776
1095
978
1262
1374
1476
1484
1614
1336
1352
1190
870
890
632
422
139
-94
-531
-689
-966
-1064
-1379
-1650
-2004
-2202
-2388
-2369
-2324
-2461
-2488
-2545
-2499
-2178
-2029
-1681
-1611
-1578
-1006
-985
-527
-403
-154
-20
160
378
568
799
696
1068
936
859
1142
873
946
980
817
896
514
658
740
590
860
644
531
669
698
819
766
817
863
884
930
896
957
837
990
910
1069
907
893
913
839
897
772
582
448
413
268
298
183
121
2
-60
-103
-91
-94
-77
-157
-173
-143
-300
27
-161
-41
-102
-216
-53
-175
-127
-161
-204
-327
-383
-572
-433
-644
-641
-587
-996
-843
-875
-979
-994
-1209
-1351
-1384
-1480
-1594
-1538
-1642
-1912
-1784
-1857
-1818
-1747
-1716
-1678
-1624
-1308
-1340
-1068
-1059
-1064
-770
-692
-533
-210
-179
67
368
644
755
877
1153
1148
1303
1495
1637
1582
1619
1766
1709
1771
1759
1663
1570
1475
1246
1293
1129
963
871
672
445
595
394
366
393
316
545
396
591
730
748
836
968
1007
1123
1215
1169
1401
1319
1426
1611
1316
1480
1348
1271
1346
1159
1099
819
550
409
166
66
-161
-612
-753
-1051
-1178
-1315
-1599
-1592
-1866
-2090
-1924
-2006
-2003
-1880
-2050
-1977
-2069
-1974
-1851
-1861
-1754
-1779
-1782
-1750
-1595
-1566
-1367
-1339
-1293
-1165
-1098
-1081
-808
-750
-697
-511
-618
-538
-350
-540
-177
-406
-485
-273
-500
-266
-228
-178
-139
-114
-244
59
189
216
317
253
314
483
551
779
899
789
1120
1174
1317
1653
1575
1862
1893
1991
2286
2174
2352
2462
2468
2584
2644
2568
2459
2407
2320
2209
2075
1915
1689
1580
1438
1305
1056
825
472
280
144
-106
-207
-323
-614
-670
-853
-912
-1133
-1150
-1238
-1403
-1396
-1584
-1358
-1555
-1510
-1411
-1526
-1505
-1299
-1310
-1176
-1138
-1159
-1015
-928
-950
-819
-894
-1028
-787
-862
-723
-820
-788
-829
-737
-716
-704
-741
-777
-850
-882
-722
-1005
-1063
-1018
-1107
-1148
-1010
-1134
-1098
-996
-993
-948
-724
-817
-644
-568
-592
-318
-428
-242
-45
-77
269
316
446
612
622
783
805
879
996
1081
998
1154
1130
1205
1299
1379
1367
1401
1426
1540
1627
1578
1671
1567
1582
1547
1556
1508
1428
1297
1374
1238
1127
1287
1031
989
985
719
866
682
488
506
337
165
195
90
-140
-12
-280
-391
-321
-444
-427
-480
-504
-497
-427
-433
-465
-551
-579
-600
-591
-531
-654
-529
-628
-599
-599
-571
-635
-689
-680
-714
-644
-657
-793
-806
-771
-741
-719
-795
-803
-792
-673
-649
-611
-592
-631
-561
-561
-622
-644
-734
-754
-699
-637
-636
-705
-484
-607
-473
-355
-398
-400
-323
-226
-128
24
-30
0
-24
89
140
330
335
382
501
525
546
745
614
629
685
485
521
439
387
389
341
244
238
121
93
215
170
207
163
107
148
193
217
263
211
331
342
353
527
458
584
717
618
665
662
591
713
642
593
519
389
361
358
360
342
276
77
83
-39
96
-31
-134
-41
-225
-209
-64
-160
-169
-26
-73
-9
121
64
185
232
340
379
373
390
258
399
342
328
248
205
46
5
-23
-193
-310
-446
-561
-798
-645
-803
-881
-935
-1012
-1050
-1138
-1148
-1146
-1121
-1233
-1226
-1226
-1168
-1164
-1002
-998
-839
-645
-521
-289
18
119
333
616
614
891
982
1071
1266
1352
1379
1458
1498
1409
1422
1412
1377
1382
1271
1182
1010
923
860
615
561
324
56
47
-101
-229
-215
-397
-435
-524
-535
-386
-591
-502
-670
-743
-640
-750
-612
-665
-705
-649
-741
-599
-627
-713
-576
-745
-629
-532
-665
-583
-727
-703
-618
-624
-705
-683
-624
-709
-657
-568
-727
-850
-757
-836
-797
-642
-648
-628
-583
-525
-545
-474
-435
-477
-476
-508
-433
-370
-344
-236
-239
-222
-42
-3
68
277
318
527
499
700
850
869
1084
1043
1207
1236
1285
1343
1393
1497
1532
1636
1661
1639
1850
1736
1863
2003
1854
2051
2008
2100
2136
2012
2056
1867
1760
1683
1507
1348
1215
1022
853
691
400
227
-46
-316
-424
-631
-873
-1052
-1361
-1582
-1776
-2049
-2263
-2555
-2642
-2761
-2891
-2848
-2764
-2798
-2606
-2602
-2453
-2217
-2060
-1807
-1721
-1488
-1241
-1080
-784
-624
-413
-208
8
235
292
379
424
506
546
517
429
397
271
210
171
39
15
-80
-211
-249
-368
-439
-436
-582
-662
-663
-831
-783
-802
-768
-636
-567
-414
-260
-24
211
527
674
1056
1261
1544
1935
2133
2357
2484
2705
2817
3037
3133
3148
3345
3284
3218
3173
3042
2813
2733
2426
2193
1915
1566
1378
922
700
348
-55
-451
-754
-1211
-1352
-1693
-1835
-2051
-2324
-2256
-2346
-2318
-2284
-2185
-2083
-1982
-1822
-1642
-1576
-1398
-1206
-1139
-873
-716
-573
-376
-271
-150
-75
9
-1
116
74
50
145
97
27
-46
-80
-213
-186
-232
-292
-441
-563
-532
-734
-648
-715
-815
-855
-915
-983
-926
-943
-988
-1019
-1066
-1017
-940
-840
-752
-672
-616
-423
-351
-98
-28
8
233
317
383
615
644
812
983
1056
1315
1318
1454
1529
1604
1616
1598
1594
1371
1348
1315
1126
1136
1037
844
782
595
577
489
304
244
74
29
-128
-243
-322
-547
-648
-750
-811
-957
-955
-1055
-1114
-1113
-1107
-1096
-1125
-1036
-962
-797
-736
-641
-560
-498
-307
-122
-49
94
105
263
423
521
653
655
673
781
809
865
977
769
693
644
503
452
360
175
82
-82
-206
-154
-313
-457
-324
-478
-522
-380
-462
-374
-259
-274
-158
-125
30
179
195
341
367
461
569
612
642
713
699
796
788
792
802
710
790
778
866
741
745
617
480
489
338
224
64
-41
-33
-24
-137
-76
-222
-382
-302
-364
-388
-358
-415
-418
-437
-424
-396
-545
-502
-561
-723
-698
-778
-889
-922
-944
-992
-1043
-991
-1047
-1036
-976
-1067
-976
-941
-946
-939
-974
-927
-818
-863
-818
-793
-770
-576
-488
-428
-379
-319
-191
-101
-62
98
180
172
365
296
368
526
451
470
517
588
618
690
671
744
704
682
693
638
675
611
672
674
691
713
672
665
738
732
777
720
773
908
830
910
881
845
913
817
891
836
797
902
768
812
750
708
687
668
605
599
456
371
301
98
139
-53
-95
-209
-360
-415
-541
-553
-683
-790
-864
-1021
-1034
-1137
-1178
-1205
-1211
-1247
-1294
-1246
-1196
-1174
-1127
-960
-874
-807
-685
-635
-590
-459
-486
-453
-443
-440
-408
-428
-376
-386
-440
-436
-380
-394
-435
-356
-418
-314
-296
-271
-192
-267
-163
-159
-67
-16
43
219
352
465
691
806
916
1098
1196
1325
1406
1441
1443
1604
1625
1666
1714
1705
1759
1745
1708
1663
1658
1505
1408
1319
1092
900
784
550
444
269
32
51
-140
-171
-194
-340
-353
-461
-478
-468
-390
-448
-485
-496
-506
-437
-435
-459
-456
-525
-589
-551
-633
-580
-700
-767
-834
-888
-846
-952
-1029
-1083
-1105
-1185
-1145
-1280
-1290
-1304
-1298
-1327
-1352
-1393
-1419
-1334
-1351
-1223
-1265
-1244
-1150
-1090
-953
-856
-766
-671
-599
-526
-329
-279
-238
-122
-160
-87
-59
-32
-10
28
29
51
100
128
162
197
192
298
267
393
494
496
605
590
677
757
825
929
928
1038
1135
1147
1331
1266
1347
1407
1502
1549
1564
1657
1565
1593
1612
1547
1473
1350
1174
1134
973
849
703
492
327
89
1
-193
-382
-567
-678
-775
-927
-890
-986
-974
-1031
-1037
-922
-926
-825
-709
-591
-448
-239
-225
-68
38
43
246
301
356
466
485
487
542
519
463
457
406
337
275
213
71
-48
-130
-241
-348
-512
-659
-732
-720
-744
-718
-706
-750
-717
-605
-580
-508
-330
-327
-224
-143
3
89
176
195
310
386
448
648
680
766
817
842
905
898
900
942
882
817
782
625
568
526
346
308
236
71
19
-53
-227
-254
-344
-413
-518
-676
-768
-884
-985
-1030
-1108
-1158
-1165
-1208
-1158
-1140
-1094
-996
-939
-799
-735
-601
-479
-371
-246
-169
-68
-17
17
185
220
263
306
349
341
340
314
247
275
86
154
13
-49
-72
-180
-280
-297
-347
-416
-390
-427
-436
-477
-488
-529
-552
-539
-602
-591
-550
-591
-608
-502
-469
-330
-257
-144
37
108
295
410
576
614
822
906
980
1163
1262
1377
1450
1539
1610
1682
1714
1749
1674
1613
1559
1499
1336
1254
1079
916
800
633
503
296
79
-133
-332
-463
-632
-830
-940
-1117
-1152
-1238
-1219
-1160
-1239
-1116
-1109
-1067
-1033
-944
-916
-865
-718
-650
-500
-335
-267
-103
-11
108
234
290
394
480
567
638
651
736
735
680
764
625
632
566
511
451
401
286
260
232
129
107
-54
-105
-158
-268
-341
-401
-529
-550
-562
-614
-591
-632
-571
-620
-605
-552
-559
-450
-455
-385
-352
-273
-245
-227
-109
-198
-185
-133
-172
-173
-160
-183
-192
-126
-122
-90
-102
-58
-63
-30
7
-84
-84
-75
-116
-183
-151
-145
-127
-128
-39
-25
73
145
110
185
117
130
98
66
48
-11
-43
-92
-125
-141
-155
-165
-131
-89
-122
-114
-167
-143
-76
-115
-79
-39
17
120
191
307
435
496
613
676
724
801
925
889
938
1045
1084
1150
1121
1179
1109
1040
1036
988
834
787
680
583
490
373
258
90
-20
-130
-232
-366
-481
-486
-687
-646
-780
-922
-856
-963
-886
-848
-845
-810
-702
-641
-571
-567
-481
-479
-404
-329
-335
-328
-378
-375
-393
-405
-391
-395
-372
-390
-358
-354
-378
-352
-448
-469
-482
-506
-481
-530
-451
-477
-472
-502
-512
-497
-477
-439
-399
-345
-274
-160
-72
-2
109
230
289
447
504
594
599
721
759
803
888
925
1013
1105
1256
1242
1367
1426
1430
1519
1476
1530
1444
1449
1436
1293
1237
1193
1135
1117
1050
865
832
679
611
480
403
257
93
42
-147
-268
-474
-577
-777
-908
-978
-1076
-1113
-1186
-1283
-1334
-1313
-1366
-1349
-1287
-1348
-1244
-1153
-1093
-965
-875
-820
-703
-661
-521
-395
-376
-313
-215
-190
-191
-177
-215
-198
-273
-339
-364
-378
-400
-470
-551
-637
-704
-789
-843
-920
-944
-952
-1008
-1040
-1034
-1010
-1001
-923
-903
-788
-700
-538
-385
-208
-23
173
331
470
678
839
1003
1149
1234
1338
1491
1485
1642
1650
1682
1740
1661
1706
1641
1587
1589
1501
1376
1268
1154
1084
911
803
644
556
461
374
349
316
299
316
231
147
45
-77
-104
-259
-308
-378
-497
-517
-565
-546
-554
-584
-589
-644
-676
-648
-677
-778
-741
-768
-808
-717
-734
-677
-631
-611
-566
-626
-586
-586
-555
-493
-526
-407
-399
-325
-229
-275
-162
-214
-153
-105
-163
-46
-72
13
-13
-24
62
11
17
15
12
2
1
-3
33
5
12
43
24
105
70
107
166
99
212
233
267
301
331
346
354
385
363
363
368
464
503
531
587
614
682
654
684
691
681
720
681
588
531
428
346
249
134
101
-23
-52
-90
-131
-165
-184
-252
-282
-278
-328
-350
-341
-312
-332
-308
-300
-232
-276
-230
-201
-165
-66
-43
15
50
92
135
98
98
108
64
29
50
55
28
-2
19
2
-24
-38
-59
-50
-17
4
16
1
17
40
33
57
93
19
75
61
106
114
97
181
101
126
76
81
101
34
41
72
35
59
68
40
27
33
34
3
0
-62
-103
-109
-196
-215
-286
-428
-461
-593
-699
-716
-834
-868
-912
-994
-939
-989
-930
-951
-1013
-978
-1076
-1061
-1041
-1045
-987
-902
-809
-781
-638
-547
-520
-392
-381
-339
-259
-173
-83
2
31
103
79
149
165
173
269
292
396
414
502
532
597
616
634
673
663
780
791
849
876
927
977
1001
1027
1005
1085
1071
1057
1016
966
897
850
800
825
795
758
719
638
586
499
478
379
343
335
304
323
325
341
345
357
406
449
461
484
508
481
536
527
521
482
502
461
444
389
313
237
128
70
-58
-144
-238
-346
-424
-509
-603
-665
-790
-816
-852
-920
-951
-987
-1035
-1053
-1080
-1068
-1094
-1113
-1102
-1126
-1176
-1109
-1129
-1098
-1020
-984
-860
-845
-746
-688
-586
-589
-521
-453
-438
-365
-344
-271
-275
-254
-176
-127
-81
-30
3
10
-8
-22
-21
42
29
45
109
121
206
224
277
328
352
416
443
459
503
476
520
475
443
456
413
384
421
386
320
327
368
260
259
305
245
297
277
279
255
267
294
236
211
218
152
158
112
100
119
86
152
168
157
268
316
335
347
324
392
379
327
364
317
211
272
199
145
186
109
114
82
124
120
68
82
43
28
-11
-3
-51
-91
-42
-73
23
58
87
124
188
228
255
305
257
300
278
257
270
259
258
271
268
227
259
216
176
138
16
-27
-133
-251
-373
-503
-625
-791
-892
-932
-1077
-1114
-1156
-1191
-1196
-1234
-1212
-1199
-1205
-1143
-1084
-1048
-905
-829
-661
-571
-501
-337
-276
-193
-83
19
129
194
240
278
314
385
432
465
483
503
444
425
389
340
268
252
175
218
224
214
245
220
223
187
200
191
221
252
292
257
278
282
286
308
290
346
355
364
341
351
374
322
347
313
282
281
261
283
337
323
354
376
419
459
456
448
394
359
372
360
345
279
282
283
283
244
211
204
150
185
207
174
143
136
32
-12
-8
-85
-125
-184
-258
-318
-375
-447
-518
-546
-632
-636
-646
-696
-697
-730
-745
-759
-836
-849
-903
-973
-943
-973
-932
-840
-807
-747
-687
-628
-520
-499
-478
-395
-392
-290
-240
-222
-175
-142
-64
-57
15
116
167
258
300
331
413
331
369
282
192
209
103
85
57
-48
-55
-76
-78
-83
-124
-115
-139
-90
-151
-141
-91
-80
-31
63
149
211
337
422
582
677
750
841
925
1038
1110
1140
1160
1152
1169
1219
1186
1232
1196
1190
1176
1152
1114
981
945
823
717
632
506
385
241
99
-14
-144
-282
-360
-490
-545
-615
-649
-697
-699
-741
-694
-620
-695
-618
-626
-534
-454
-370
-317
-254
-179
-126
-55
-29
9
64
94
140
133
173
177
142
136
104
76
22
8
-65
-87
-93
-145
-210
-305
-378
-376
-471
-523
-558
-603
-670
-665
-700
-763
-758
-784
-776
-773
-756
-708
-662
-621
-595
-540
-498
-430
-335
-302
-233
-157
-70
-74
-27
-15
-23
70
59
87
141
203
256
252
295
306
268
318
323
292
309
334
245
237
222
180
126
99
81
51
46
-23
-60
-153
-194
-245
-327
-417
-423
-490
-507
-556
-535
-493
-509
-465
-439
-399
-366
-302
-204
-184
-16
-197
-332
-341
-457
-310
-87
193
665
1276
1841
2517
2920
3256
3223
2999
2386
1378
661
-73
-776
-919
-956
-680
92
878
1473
2070
2307
2189
1890
1281
682
101
-328
-504
-426
-254
213
605
921
1206
1119
875
478
-54
-622
-956
-1299
-1397
-1385
-1618
-1423
-1289
-1149
-882
-665
-784
-410
-325
-313
-85
30
-83
111
-281
-807
-1006
-1529
-1820
-1742
-1905
-1599
-1172
-1338
-687
-594
-937
-842
-843
-1557
-1624
-1679
-1963
-1931
-1636
-1790
-1471
-1202
-1291
-1209
-1427
-1157
-1858
-1336
-1919
-1532
-1263
-1224
-633
-379
-430
278
349
54
654
448
274
795
586
175
1419
966
1235
2199
1817
2288
3015
2582
2653
2992
2606
2412
2467
2306
1573
1710
2133
696
1805
2107
997
2116
2272
1479
2221
1668
1160
1343
861
910
1091
746
1681
882
1056
1562
774
1574
726
1445
531
713
1145
686
-150
1697
340
520
1446
-82
1467
128
381
-351
-310
-505
-1186
-1179
-1308
-1504
-1853
-1982
-1410
-2507
-3422
-708
-3023
-3271
-341
-3805
-2816
-945
-3152
-3398
-1244
-4056
-2872
-2022
-3087
-2205
-1473
-2009
-1543
-2310
-967
-1594
-1810
-1129
-659
-1409
-785
65
457
-497
1580
782
-436
1935
661
-681
2675
-1045
1273
1525
-313
1711
1233
853
1264
1513
1054
786
1423
768
409
1266
154
1301
530
1405
1207
800
855
1305
75
1450
641
352
1035
653
177
387
1145
378
1094
1717
564
650
2191
792
1193
1936
93
1423
1520
-795
1504
484
-1423
908
389
-1522
1446
-234
-1112
675
-745
-1401
404
-943
-1810
497
-1753
-954
-949
-353
-2020
-734
-1411
-1515
-2005
-738
-1519
-2296
7
-1484
-1290
135
-1890
-479
-131
-1196
-236
890
-1351
309
851
-752
997
617
1715
-144
1964
1300
1256
1062
2553
539
16
2959
206
-85
2658
999
-444
2287
200
-486
1849
-123
-25
1062
-177
-864
617
-1042
125
-1025
-414
-11
-1707
319
-780
-1157
-376
-403
-1935
369
-1158
-1048
-494
-1454
-50
-916
-1742
1661
-2076
-414
1212
-2233
31
-8
-387
-810
188
-995
1148
-1515
-134
1039
-1434
-172
325
-405
-656
981
-1445
394
-924
-69
-411
-945
19
-529
-1077
-194
-475
-1445
1052
-1754
322
-181
-1047
556
406
-896
715
874
-1216
1316
608
795
938
1606
1453
-47
2671
1154
703
1725
2148
173
3216
1289
1542
2539
870
1371
1003
887
1299
1452
808
956
519
1897
-371
1099
2271
-546
998
1875
-1123
1000
-656
167
-738
-1005
-164
-1551
-884
4
-1176
-1518
723
-2629
-350
400
-3136
66
-331
-2355
-153
-759
-1915
-323
-509
-1459
-1336
529
-717
-2141
1865
-1849
-1756
381
-1854
-2082
-47
-1308
-2097
3
-1823
-844
-1566
-525
-1169
-963
-174
-760
-90
-774
-670
-851
-1097
-1659
184
-1635
-222
-826
-641
-594
-335
811
-1703
3353
-638
612
2576
597
931
2270
961
1485
1471
2112
1791
774
3378
797
1766
2848
1193
996
3181
326
1863
2200
-542
2731
825
-162
1669
231
-1120
1908
-1171
3
376
225
-1527
542
800
-2914
897
93
-1767
669
662
-1406
166
365
-945
-221
886
-487
-492
1362
-1195
384
499
-911
-313
948
-1420
-288
-51
-293
-945
-196
450
-2561
1120
-310
-1507
-225
1160
-2756
644
-745
-652
-572
-1057
-27
-1783
-417
-298
-1703
-1182
458
-2178
-1056
414
-1916
-1539
1435
-2475
-1367
653
-2023
-822
-326
-660
-1041
114
-923
17
-682
252
15
54
381
-464
1650
244
-1084
2781
-608
-114
2826
-793
78
2792
-846
-428
3281
-1463
93
2675
-2137
251
2082
-2237
1015
826
-776
-402
1247
-210
-797
778
2340
-2858
1419
3019
-3364
1381
3031
-2777
31
3412
-2237
-24
3049
-988
-448
2841
583
-1188
3438
943
-817
3495
38
277
2059
827
41
343
1306
-37
790
468
640
650
-393
698
207
-980
696
-231
-413
-954
1180
-1229
-1853
1482
-2406
-1109
147
-1191
-2361
1839
-2308
-1807
1303
-2464
-782
-463
-1666
115
-1612
-136
-406
-2123
1400
-1855
-450
305
-1199
-212
645
-2064
1013
-531
-1170
1346
-1853
955
-746
-89
-638
259
-998
-456
1023
-1482
506
1573
-1479
1024
1422
-1636
1037
694
-471
-417
887
-1033
294
324
-596
919
38
-614
1217
462
-2254
3027
-538
-1732
3516
-1509
74
2985
-1653
1819
802
-573
1566
242
-481
1747
749
-585
1724
713
-140
1178
1313
-1430
1135
747
-967
-46
329
-366
-1512
1867
-1311
-999
1119
-513
-660
-195
-304
-1203
-355
-793
-805
-572
-1464
-113
-313
-1673
-363
1149
-1517
-502
2156
-2895
87
1878
-2082
-380
1486
-371
-919
1891
355
-409
1453
970
-198
1559
1236
119
1520
549
483
412
1112
-517
1680
815
-307
1703
778
-1355
2691
-618
-913
3257
-1999
88
2270
-1549
-492
1092
-838
-700
1075
-350
-751
1754
102
-2219
3030
-2059
-818
2226
-2299
-581
1876
-2277
-773
1222
-1502
-274
-359
44
-1257
363
-588
-1474
-220
-500
-1621
-48
-1134
-652
-58
-2242
754
-1042
-1611
121
-718
-1915
144
-688
-3468
1170
-1031
-3468
1141
-968
-2627
1973
-2247
-903
1041
-1545
98
67
-436
-62
640
-801
592
332
-739
-339
1887
-2013
286
2693
-2447
2077
1248
-237
-51
2481
-254
48
1768
1756
-1111
2502
1998
-2066
3584
762
-1280
3182
1260
-899
2659
538
544
1371
901
1670
-550
2663
-656
860
1818
-1542
1522
29
29
-64
359
403
90
39
1430
-1945
1627
1242
-3041
2471
-252
-1757
1123
-156
-1041
130
682
-963
-819
1174
-370
-1110
278
1452
-2870
1342
616
-2689
1762
18
-1917
1324
-1297
-503
946
-2701
994
-271
-2507
1573
-1044
-1525
287
-511
-1793
576
-924
-930
-365
-376
-916
-1016
804
-648
-1159
1211
-208
-1251
1768
-516
-764
1806
16
-574
2249
-48
793
730
251
1465
-1301
1540
1258
-1644
2712
-457
-548
1002
-87
-261
-379
1099
-1481
-394
953
-2005
-876
1029
-2156
-919
658
-1172
-1008
-271
-65
-1694
30
-117
-1608
-421
1530
-2152
-349
1083
-1972
1033
-1080
-380
592
-1210
436
88
-1157
1535
-720
106
881
-439
971
79
-18
835
736
-984
1869
38
-1094
2211
-393
-1028
2656
-1420
210
1465
-486
7
815
128
-1012
1680
-712
-527
777
458
-1087
849
154
590
-625
378
1641
-1235
933
500
1139
-860
1545
852
-763
1124
1996
-1692
1597
1759
-1282
891
954
71
-71
999
230
-690
1129
137
-2158
1237
-1296
-1090
-542
-1388
-528
-950
-760
-1205
-711
-1027
-1122
-1188
-451
-1859
-88
-1228
-1412
885
-2701
241
22
-691
-702
1388
-929
-5
815
816
-1018
1676
763
-250
1611
738
531
842
1290
391
903
1187
1379
-557
2719
-542
198
2596
-1440
742
2136
-1598
311
2425
-2437
911
739
-789
215
1133
-1265
660
-86
252
-275
-849
2213
-2670
1686
558
-1407
1111
767
-1159
1410
1
-28
634
-486
-8
-28
-230
-699
-187
-439
-77
-487
-1057
177
-227
-1044
-1029
544
-2057
-757
709
-2497
-503
479
-1580
-1212
856
-1351
-2109
1307
-1411
-2239
2051
-2815
-569
757
-3058
1551
-1281
-1318
1933
-1607
-632
1418
-1475
469
78
230
-323
-590
1748
-1153
-218
2155
-1321
386
2687
-1616
1123
1748
-1031
1216
633
-248
1439
187
-404
1659
-713
-103
2033
-1072
15
2858
-1821
1116
1494
-1839
1434
438
-972
1348
376
67
1055
841
309
537
682
-174
1380
-276
58
812
-532
-298
1239
-1934
607
854
-1029
718
18
145
-147
109
-150
-760
49
615
-1740
1124
-425
-1499
1099
-1464
-523
1515
-2238
595
743
-2210
1648
-692
-404
756
-868
350
329
-1292
778
941
-2078
1281
779
-1403
817
899
-1160
590
942
-276
-704
2171
-596
-342
2116
-919
606
1121
-214
255
1321
-337
705
586
380
-4
783
97
61
714
-18
624
-224
702
-248
361
109
307
-730
1572
-547
-1017
1907
-2047
240
-435
-819
-700
-509
-632
-621
-1009
-335
-1747
-612
-446
-1859
191
-1287
-1418
434
-2406
-965
564
-3452
888
-879
-2727
355
-764
-2814
1164
-1249
-2487
1272
-2086
-1027
642
-1364
-1010
481
-839
-378
-51
-442
679
-993
947
275
-1471
1944
100
-1318
2371
-269
-320
2260
-1198
1968
516
-423
2557
-510
-13
2528
-742
-58
3151
-1298
1196
2539
-1310
2226
1237
34
1804
710
1410
602
1209
2148
-916
2347
1648
-1070
2126
2198
-1257
1697
2526
-1496
1665
2066
-1463
1193
1860
-1355
1208
748
-517
492
20
-216
312
-791
525
-936
-912
643
-1644
-522
-500
-1070
-944
-698
-1404
-963
-427
-1328
-97
-1890
288
-1061
-1487
1439
-2066
-1210
1899
-2114
-1442
2218
-2304
-811
1526
-1677
-947
1128
-1224
-302
-7
-182
-709
19
337
-1325
-199
603
-1339
116
672
-2056
1487
-170
-1383
1278
-162
-1331
1645
-266
-646
1427
-807
64
1572
-936
248
1647
-849
1339
383
158
723
290
45
1196
-143
3
1603
-772
-195
1392
-756
-561
1759
-881
-299
1342
-555
-751
1885
-969
-771
1058
59
-1177
1221
804
-2113
2198
-723
-1001
1239
-885
14
-69
-223
65
-803
205
778
-2323
2093
-79
-2073
2558
-985
-1002
2684
-1950
83
1298
-954
795
67
-310
752
-557
-103
772
-1066
1245
-727
-462
1872
-1535
729
864
-1967
2239
-1031
-462
1541
-965
-201
789
-178
-775
1123
-189
-479
418
756
-1201
682
66
82
-709
335
489
-1895
1603
-260
-1379
988
100
-954
366
-829
724
-1016
-612
785
-2216
816
-123
-1558
342
139
-1819
577
279
-1791
283
637
-1910
414
634
-2127
-109
1264
-1810
-1067
1650
-1598
-599
758
8
-2001
1224
823
-2453
630
1306
-1798
203
1324
-1735
976
279
-78
-743
1523
-666
-156
1614
-1540
431
1389
-1248
290
1230
-806
509
877
395
-328
1329
662
71
980
1008
-251
1025
1444
-295
814
1821
638
-501
3203
186
-466
3123
-80
-232
2181
1058
-960
2289
1028
-934
1972
457
-575
825
1263
-1274
290
1330
-1474
-178
353
90
-1773
465
-98
-1432
-172
-80
-1506
-539
-433
-1100
-1189
-168
-1411
-1409
282
-1759
-469
-704
-1555
-241
-522
-1828
-102
-172
-1901
355
-610
-1659
270
-440
-1483
122
107
-1226
-177
882
-1731
-364
1464
-1928
-611
1023
-1761
-695
966
-1810
-86
710
-1344
108
951
-1275
767
72
-944
1515
-771
235
1096
-684
749
824
-83
-22
1641
298
-637
2290
224
-646
2096
595
-400
1513
1375
-805
1299
957
202
567
824
99
482
615
186
304
41
-98
417
-140
-560
829
-731
-46
202
-99
-649
609
-194
-799
930
-293
-165
753
-353
211
670
50
276
956
746
-842
2347
-431
-290
1829
-485
-152
1966
-189
-761
2638
-747
-218
2207
-361
-399
2515
-1180
-146
2091
-1285
-907
2238
-1339
-766
1789
-1569
-568
1894
-1548
-661
1941
-1458
-457
1437
-1093
-660
870
-484
-1213
593
-123
-1981
1046
-271
-2305
884
-349
-2837
992
-741
-2118
-75
-614
-2232
-110
-741
-2066
116
-933
-1440
-217
-746
-1615
116
-1407
-725
-760
-954
341
-1959
429
-150
-1531
268
-205
-1025
1191
-1583
382
990
-1957
900
810
-1282
625
1353
-596
188
1283
269
-432
1308
1068
-702
1246
2103
-642
501
2994
-658
-23
3704
-725
254
3702
-781
495
3012
-981
1100
1358
475
353
1153
1740
-1135
1636
2192
-2092
1443
2494
-2198
1418
1382
-1103
651
718
-325
-198
739
-871
777
-106
-1296
725
-295
-966
-72
-615
-862
-78
-963
-428
-1015
-279
-143
-1240
30
-744
-899
-264
-1539
-572
-451
-2037
-506
-283
-2116
-520
111
-2170
-386
110
-2201
-553
882
-2270
-457
749
-1780
-454
-162
-1181
-354
-470
-334
-219
-982
422
-322
-888
570
-478
-198
304
412
-827
1092
40
-1255
1772
-616
-561
2082
-852
232
1471
-872
633
1093
-807
997
1405
-1119
2262
615
-683
1773
347
423
160
1679
-489
997
1089
-289
1115
687
460
384
1329
170
629
1014
15
218
644
145
68
851
198
341
813
34
811
354
10
1128
-353
-32
1197
-777
497
891
-611
867
643
-127
1040
-334
851
659
-397
1278
-143
361
530
322
-300
729
177
-581
847
-106
-1061
710
-306
-964
325
-230
-607
-387
129
-401
-489
182
-177
-676
8
-77
-500
-667
-84
53
-1239
-632
816
-1810
-710
1445
-2165
-378
1131
-1373
-1046
1177
-1193
-302
14
-1065
49
-574
-480
-90
-1435
-168
-329
-1362
-473
-384
-1046
-960
-133
-1517
-594
-515
-1777
323
-902
-1806
633
-888
-1558
484
-951
-1454
420
-499
-1398
292
182
-1202
567
380
-1278
1277
306
-1166
1245
649
-1106
1293
684
-793
1663
235
285
868
612
733
-392
1200
708
-511
956
734
-89
470
1438
-399
547
1475
218
-67
1643
391
169
1437
438
358
1421
934
-520
2165
596
130
1672
709
134
1938
385
753
1454
32
1323
533
-76
690
494
-531
607
-130
-29
-324
634
-729
-307
880
-1413
69
468
-1012
-460
422
-1077
-451
-125
-1287
-300
-273
-1381
-540
-335
-1485
-296
-866
-869
-649
-311
-681
-1347
34
-142
-1780
571
-506
-782
576
-1003
159
65
-637
-78
272
-802
712
69
-464
877
102
-275
807
78
128
577
-254
481
259
-267
844
-461
75
1399
-1013
265
1198
-1152
866
91
-378
356
-506
0
-476
208
-533
70
-227
-663
376
-168
-711
85
-62
-468
-404
75
1
-1144
262
-328
-752
-385
79
-668
-915
542
-888
-825
-224
-468
-579
-71
-726
-228
-175
-894
412
-54
-807
71
707
-844
-543
1430
-683
-1387
1742
-518
-1013
1280
22
-318
179
856
471
-506
1257
271
244
1251
395
225
1530
565
-188
2137
335
-200
2116
558
-547
1997
666
-660
1683
415
-435
1582
246
-323
1124
954
-821
1055
1134
-1168
1055
1043
-1141
866
1131
-1097
796
934
-1004
350
796
-410
-79
295
346
-480
-48
402
-748
-173
-121
-575
-580
-455
-413
-294
-959
-192
-328
-952
-309
-79
-1023
-635
-207
-1001
30
-814
-121
-236
-997
564
-290
-1198
997
-477
-462
844
-944
416
361
-368
17
503
-508
536
138
-549
619
383
-955
585
435
-1308
966
-78
-618
323
358
-291
-16
307
-414
111
518
-752
-302
1746
-1706
447
1418
-1684
655
1237
-1814
1071
885
-1192
1371
217
-347
1003
-339
296
349
-537
1186
-441
-88
779
-225
247
-169
926
-366
-635
975
-838
-579
688
-1550
-215
523
-2187
615
-235
-1680
213
-626
-1266
112
-1258
-134
-631
-1323
559
-1191
-986
564
-820
-600
246
-623
-53
-475
130
-112
-290
549
-189
320
380
-83
261
321
-143
414
126
371
-282
589
519
-376
644
738
-432
797
746
-556
1586
348
-435
1854
-80
-46
1346
272
-26
944
533
-60
863
512
-8
756
726
-717
1013
539
-892
820
443
-1162
582
420
-908
2
376
-743
-281
347
-920
-314
93
-424
-1052
209
-540
-1197
419
-710
-1115
590
-473
-1397
1036
-638
-1484
1278
-455
-1228
1472
-516
-702
1065
-268
-309
132
683
-302
-174
983
-247
182
601
-258
582
484
-270
1270
-123
-109
1289
-214
336
825
273
662
376
369
665
114
396
822
-57
181
878
148
65
602
282
6
442
444
-288
421
309
-486
262
162
-151
279
-179
-414
66
-105
-1044
293
-636
-509
-237
-456
-90
-842
-321
-141
-1159
0
-353
-1123
467
-681
-805
123
-1091
-569
-374
-1031
-172
-634
-1230
368
-753
-1344
695
-1058
-951
494
-1725
-196
12
-1813
-242
38
-1750
452
-223
-1632
828
20
-1388
746
192
-802
541
288
-176
-235
1172
-71
-271
1054
96
42
944
621
-70
689
1106
47
239
1275
134
16
1165
711
-187
1179
1046
-214
1351
1039
-192
929
1295
19
998
983
443
666
929
628
526
757
633
689
330
836
623
25
766
359
-127
388
273
-150
-161
74
-38
-373
-774
164
-516
-661
361
-751
-579
110
-838
-701
253
-633
-639
-90
-406
-582
-101
-782
-456
18
-726
-133
-219
-461
-115
-441
-308
205
-642
-220
242
-888
0
-390
-607
-178
-254
-303
-33
-69
-222
-89
398
-363
-19
632
-692
460
158
-619
465
-148
-529
59
129
-586
24
-11
-403
141
-229
148
-181
-13
58
-362
124
-27
-126
-331
382
-86
-584
557
142
-529
392
647
-809
805
288
-884
653
291
-742
327
323
-837
181
-27
-646
-36
-60
-374
-253
-59
-184
-427
153
-548
-77
-126
-748
246
-593
-339
150
-374
-25
-208
285
-322
285
-41
-196
462
-339
234
380
15
169
706
82
220
807
100
285
853
-21
648
754
69
596
550
564
427
791
658
439
1002
567
349
1233
64
261
1112
-153
263
1041
-159
125
969
-23
8
714
284
-286
733
269
-301
758
-181
-108
383
-143
-84
60
-30
-149
-232
-234
73
-720
-197
-158
-665
-291
-204
-734
-733
-138
-874
-699
-568
-755
-692
-827
-441
-693
-866
-572
-825
-909
-778
-616
-935
-628
-713
-702
-396
-723
-389
-316
-498
-278
-89
-479
-222
-91
-236
124
-155
94
282
-67
249
623
-33
323
926
-139
582
736
127
594
763
338
603
771
202
769
630
274
651
617
279
545
176
321
445
132
163
555
94
283
554
109
357
566
19
440
772
-332
664
485
-114
694
173
66
579
117
17
691
-334
-166
576
-639
-104
406
-428
-402
70
-161
-696
151
-134
-815
311
-353
-550
59
-231
-555
-282
-76
-457
-224
-112
-392
-312
-189
-82
-272
-268
171
-338
-212
236
-341
-227
217
-296
-415
224
-558
-347
74
-491
-224
50
-524
-248
-24
-675
-193
-112
-659
-70
-232
-497
-66
-497
-148
-446
-315
134
-580
-58
137
-681
-56
-139
-408
-78
-287
61
-89
-158
219
-152
16
278
58
31
638
-37
281
603
-181
300
544
-85
355
359
152
163
271
278
-110
345
206
-21
381
135
-9
401
-120
266
316
-136
531
310
140
355
513
41
442
603
-59
415
393
108
241
376
240
175
345
206
173
391
281
307
293
293
164
68
188
16
68
87
-73
146
-24
-114
195
-236
-104
187
-434
-69
112
-468
115
-279
-491
0
-323
-243
-279
-101
-401
-386
-130
-612
-523
-156
-440
-505
-177
-379
-448
-166
-362
-490
33
-429
-178
265
-293
10
101
-327
-198
-14
-195
-355
-63
-241
-345
-33
-271
-171
-42
-62
18
-119
106
-60
-71
267
-58
98
462
103
233
380
188
231
401
311
286
539
266
304
691
335
330
811
351
152
920
217
204
825
127
279
599
124
265
503
108
320
313
126
177
350
89
195
231
37
134
80
107
-106
85
55
-91
19
-65
74
-287
-259
41
-512
-164
-10
-564
-209
-208
-456
-394
-180
-422
-557
-39
-420
-513
-112
-598
-365
-243
-638
-376
-326
-650
-406
-343
-728
-451
-375
-666
-293
-319
-674
-64
-227
-436
13
-34
-310
158
75
-352
219
-50
-326
151
-110
-181
100
-135
71
73
-85
212
-11
29
348
180
-96
245
269
-290
320
84
-150
191
104
-144
68
237
-207
152
176
-20
56
285
-176
6
315
-338
221
69
-218
203
-217
-82
140
-174
48
220
-85
115
202
69
133
244
248
247
262
190
297
301
136
381
250
223
487
246
365
446
220
387
517
333
402
566
249
327
561
132
371
594
48
492
444
68
393
306
259
246
453
327
200
340
309
119
236
232
105
266
165
63
89
106
-29
-27
-30
-216
-145
-204
-279
-252
-377
-236
-437
-413
-214
-604
-337
-407
-809
-582
-608
-692
-723
-673
-614
-822
-685
-625
-878
-805
-700
-757
-799
-599
-759
-693
-659
-606
-522
-650
-390
-394
-438
-370
-263
-338
-270
-89
-81
-206
-104
-8
-76
-116
-97
42
-212
-37
-18
-47
30
-33
113
44
117
117
147
333
138
293
311
311
294
398
533
360
640
576
623
616
711
715
651
836
626
691
934
604
822
1054
585
957
902
582
770
927
355
651
792
157
710
544
257
465
344
186
338
19
246
109
12
234
-141
149
-95
-95
75
-251
8
-91
-145
-113
-277
-187
-229
-421
-295
-244
-288
-289
-157
-222
-285
-104
-361
-271
-217
-302
-270
-264
-268
-260
-55
-334
-249
-62
-402
-96
-59
-278
-40
-139
-192
-45
-227
-131
-79
-223
1
-185
-234
-25
-265
-429
-150
-477
-537
-166
-631
-386
-510
-632
-459
-626
-630
-509
-563
-546
-524
-409
-532
-648
-354
-514
-614
-423
-300
-535
-233
-158
-464
-75
-122
-234
-7
-37
-149
-96
-47
-31
-57
27
168
-4
285
300
142
499
376
155
648
303
247
614
299
248
556
360
376
684
488
669
579
590
719
559
648
582
695
560
571
826
390
676
705
371
647
542
513
542
431
612
389
350
538
273
345
407
198
299
292
126
187
80
48
38
-144
-98
-79
-266
-133
-245
-416
-195
-422
-340
-322
-440
-289
-403
-323
-335
-363
-300
-342
-379
-362
-444
-352
-478
-477
-297
-545
-497
-311
-544
-504
-402
-636
-539
-371
-564
-507
-368
-625
-442
-421
-644
-429
-442
-532
-289
-323
-385
-153
-248
-236
6
-217
-144
93
-259
99
70
-56
372
-9
342
205
117
439
126
300
378
237
328
308
271
300
199
261
157
107
307
113
146
334
152
201
341
201
239
420
327
301
399
267
207
432
173
321
428
264
353
323
336
308
234
209
147
81
18
213
-7
-38
186
-99
-48
154
-230
-93
-47
-313
-8
-121
-322
-72
-175
-329
-65
-272
-269
-152
-335
-298
-197
-377
-306
-243
-451
-295
-310
-281
-166
-262
-222
-54
-245
-66
-104
-181
21
-55
-70
-65
-60
-7
-57
-4
131
81
267
128
85
239
125
118
107
93
92
130
143
237
318
171
415
410
183
541
281
300
310
241
255
257
243
217
275
144
309
239
255
312
301
370
235
262
327
207
221
254
134
221
172
81
172
211
76
24
101
-61
-22
14
-118
1
-71
-141
9
-250
-126
-74
-369
-124
-181
-367
-161
-301
-421
-270
-331
-419
-355
-306
-377
-279
-363
-278
-312
-428
-299
-307
-248
-230
-185
-204
-143
-123
-250
-120
-233
-167
-117
-203
-58
-197
-29
-143
-141
-2
-146
-32
-77
-61
58
36
40
27
88
-90
49
-123
-137
6
-142
7
-148
-38
-114
-128
-75
-84
-310
-143
-170
-373
-175
-303
-327
-262
-299
-347
-250
-337
-288
-294
-245
-413
-255
-259
-439
-250
-252
-425
-267
-227
-574
-141
-251
-464
-11
-334
-271
13
-205
-136
150
8
35
253
95
175
267
206
239
315
335
224
433
504
302
575
476
538
673
673
669
827
768
683
845
737
662
872
715
668
986
708
735
930
801
805
923
811
893
956
818
936
868
856
851
761
767
835
552
661
620
346
382
393
199
257
251
137
131
74
-20
-130
-68
-191
-312
-212
-361
-462
-337
-543
-635
-487
-772
-855
-727
-958
-937
-814
-1020
-977
-738
-994
-863
-694
-949
-813
-802
-884
-868
-931
-849
-957
-987
-958
-1042
-1047
-1011
-985
-1032
-927
-814
-905
-693
-669
-792
-506
-621
-581
-381
-540
-428
-273
-405
-327
-165
-290
-190
-107
-138
-56
-8
101
128
167
351
332
401
526
369
533
447
511
599
549
627
574
653
567
566
687
586
648
650
602
669
660
619
586
701
593
506
741
576
420
575
526
332
449
469
232
390
312
184
352
190
131
180
108
135
106
103
38
76
30
60
90
66
179
82
167
219
156
230
193
149
130
197
101
61
152
17
-33
89
-32
-71
122
-70
-92
109
-94
-93
41
-114
-98
-40
-77
-31
-74
-72
-195
-127
-99
-234
-118
-139
-202
-127
-92
-158
-163
-109
-170
-254
-124
-204
-163
-156
-212
-235
-257
-257
-326
-327
-386
-324
-406
-280
-339
-334
-228
-311
-301
-180
-276
-265
-119
-351
-175
-165
-290
-260
-201
-220
-259
-171
-148
-141
-168
-58
-152
-152
-99
-114
-133
-47
-37
-83
124
56
56
118
161
102
131
191
85
179
281
75
276
343
133
370
303
309
357
351
351
332
318
237
195
173
101
123
80
28
73
8
59
114
9
36
-46
-3
49
-75
31
22
-28
8
24
-57
-76
-9
-59
-98
-96
-176
-136
-256
-250
-335
-332
-331
-415
-325
-347
-330
-345
-235
-331
-257
-68
-284
-124
-88
-159
3
-20
-71
29
113
-23
211
190
127
346
276
263
338
272
224
322
228
245
295
248
266
325
350
291
387
300
362
400
354
439
388
392
428
397
373
410
324
267
304
130
95
142
75
32
-3
96
13
9
28
-44
-105
-73
-89
-199
-170
-119
-202
-235
-164
-305
-298
-332
-428
-284
-365
-437
-224
-419
-391
-278
-500
-430
-382
-495
-416
-346
-478
-316
-283
-393
-247
-280
-254
-189
-155
-104
-154
-60
-74
-151
49
73
61
230
243
195
298
347
216
266
295
198
176
240
103
108
141
10
54
89
127
47
85
239
63
229
195
25
268
178
104
252
207
166
354
207
180
366
250
250
293
217
179
154
70
101
-10
5
19
-85
-33
-85
-123
-141
-166
-340
-154
-312
-355
-389
-300
-537
-417
-245
-687
-249
-388
-476
-343
-351
-365
-455
-248
-251
-427
-124
-306
-334
-143
-286
-227
-161
-264
-214
-95
-174
-104
-74
-60
-70
-42
18
-165
-3
30
-101
28
103
20
57
226
90
141
363
63
327
426
274
562
445
413
597
454
406
585
415
411
624
443
529
603
417
518
576
362
497
470
317
431
392
384
429
292
344
305
164
310
215
124
246
184
124
223
176
102
151
48
-11
7
-116
-66
-133
-290
-281
-315
-425
-444
-309
-451
-521
-459
-604
-593
-547
-659
-618
-525
-640
-482
-428
-504
-285
-360
-340
-243
-409
-265
-257
-268
-245
-233
-242
-227
-131
-177
-44
-6
11
-57
-12
-10
-56
12
-62
-34
-80
-82
-5
-63
-70
27
-65
-40
55
-21
-3
86
-9
66
-2
18
146
100
216
158
169
282
291
311
314
246
210
240
146
49
126
81
71
135
133
143
192
167
135
153
111
233
214
260
228
287
244
179
303
169
245
274
175
184
224
109
61
104
22
-52
-7
-104
-152
-117
-204
-162
-162
-234
-183
-199
-245
-229
-249
-286
-267
-344
-323
-193
-291
-230
-130
-243
-241
-189
-297
-196
-208
-269
-67
-209
-115
-25
-104
-32
-8
-49
-15
15
-63
93
123
71
168
113
158
242
160
174
312
224
316
376
302
411
331
307
286
225
197
208
214
161
114
122
46
99
145
72
167
150
111
194
208
134
226
182
94
140
66
37
-7
-55
-119
-96
-202
-150
-191
-302
-285
-300
-331
-316
-303
-337
-344
-385
-348
-433
-404
-368
-447
-429
-386
-388
-327
-279
-292
-291
-201
-212
-170
-144
-104
-144
-93
18
-111
-19
-18
-127
9
-7
-38
109
44
93
88
139
148
137
213
102
97
73
53
-41
45
-48
-72
24
-59
36
90
9
63
83
-39
22
26
-1
97
79
84
90
118
137
166
158
238
207
263
307
241
299
282
225
225
285
221
292
249
210
274
204
287
245
243
246
225
220
211
239
164
216
180
238
254
199
277
229
239
245
224
143
169
151
17
160
44
20
54
-29
-17
43
-45
-23
-25
-16
-30
-100
-118
-79
-189
-214
-194
-362
-232
-315
-413
-389
-365
-387
-319
-355
-372
-284
-322
-344
-305
-400
-349
-317
-351
-330
-439
-285
-371
-407
-258
-382
-380
-261
-335
-316
-252
-292
-258
-234
-277
-191
-191
-198
-122
-184
-157
-86
-109
-51
-6
27
-1
45
51
70
129
206
211
252
282
344
395
394
448
415
475
528
518
531
553
569
591
657
633
628
760
646
673
696
596
634
599
604
581
580
478
414
382
310
316
236
251
199
236
221
147
105
56
58
-25
-30
-75
-101
-132
-201
-233
-228
-317
-327
-286
-405
-347
-415
-472
-504
-589
-582
-652
-599
-723
-718
-635
-736
-705
-696
-810
-743
-716
-767
-648
-681
-711
-658
-727
-772
-762
-776
-735
-674
-648
-587
-554
-586
-468
-461
-507
-417
-375
-380
-300
-253
-226
-143
-106
-102
8
-2
54
135
101
160
204
241
196
349
309
387
470
378
562
574
554
642
688
648
779
745
654
703
679
634
651
705
620
646
699
641
616
618
583
558
543
549
527
547
561
511
562
542
452
537
487
386
414
316
221
235
180
113
84
120
29
82
78
43
60
3
-27
-105
-123
-147
-251
-270
-329
-427
-374
-458
-427
-411
-475
-421
-408
-327
-320
-288
-286
-278
-267
-257
-223
-281
-194
-233
-272
-201
-243
-191
-188
-181
-136
-145
-143
-152
-126
-141
-159
-149
-119
-114
-153
-118
-150
-136
-176
-193
-184
-194
-256
-270
-238
-327
-286
-312
-272
-267
-282
-193
-242
-178
-128
-134
-26
-74
-98
-54
-27
-76
-9
5
-35
64
28
53
101
40
102
129
131
172
173
176
203
168
168
192
177
190
189
183
210
162
159
181
177
226
211
240
291
302
266
241
280
258
287
282
283
259
245
336
280
295
339
316
340
356
376
382
386
356
367
357
335
326
281
278
201
182
149
129
121
52
79
33
-11
-29
-45
-125
-91
-154
-204
-130
-170
-181
-145
-180
-149
-191
-233
-215
-299
-242
-307
-358
-336
-347
-414
-399
-426
-494
-447
-456
-523
-463
-465
-470
-539
-495
-516
-637
-541
-621
-626
-592
-559
-629
-553
-527
-603
-438
-480
-481
-319
-345
-249
-176
-163
-138
-132
-43
-78
14
47
41
76
76
72
71
127
153
169
286
293
314
434
381
356
409
397
360
496
426
459
554
494
580
629
566
615
597
565
574
630
633
555
647
590
606
620
574
530
551
500
488
553
522
585
535
533
501
405
425
326
268
222
189
96
76
74
-24
6
-90
-77
-88
-119
-196
-245
-260
-353
-356
-357
-398
-460
-498
-557
-608
-520
-611
-636
-604
-667
-661
-688
-723
-776
-720
-790
-820
-758
-769
-765
-761
-727
-741
-744
-684
-688
-682
-599
-597
-598
-465
-511
-458
-342
-370
-311
-203
-270
-203
-123
-158
-55
-29
13
-3
118
82
107
165
173
226
236
273
260
290
303
285
297
284
309
335
351
377
418
426
424
479
431
466
518
466
481
456
410
440
421
368
393
376
337
401
404
250
350
335
241
323
267
226
270
263
254
270
234
236
224
224
214
245
196
197
252
222
221
225
252
229
234
315
263
260
290
238
270
284
268
233
290
206
181
245
146
188
206
174
188
174
189
179
152
127
100
138
104
127
51
52
59
30
32
15
8
-63
-11
-150
-158
-144
-298
-233
-267
-380
-361
-423
-490
-517
-542
-628
-602
-618
-666
-632
-692
-691
-735
-742
