SAMPLES:	13293
BITSPERSAMPLE:	16
CHANNELS:	1
SAMPLERATE:	16000
NORMALIZED:	FALSE
-228
-203
-174
-176
-177
-175
-131
-137
-120
-97
-65
-36
-31
9
78
140
175
245
287
339
383
420
464
489
534
560
605
648
704
685
719
740
764
786
810
821
830
872
866
897
900
906
932
936
931
902
875
857
802
741
731
659
604
561
493
465
437
423
395
396
404
405
380
345
298
250
181
142
89
44
-23
-100
-120
-183
-211
-237
-301
-342
-380
-399
-414
-423
-443
-466
-502
-567
-585
-633
-674
-723
-770
-797
-840
-847
-830
-835
-811
-783
-791
-759
-747
-723
-710
-714
-675
-667
-596
-557
-535
-503
-471
-433
-392
-322
-290
-239
-175
-142
-100
-69
-60
-12
4
-10
20
31
30
-2
3
12
20
17
28
36
41
71
86
81
122
118
126
166
168
196
210
237
225
228
256
277
306
338
346
332
367
378
388
394
392
432
420
420
420
388
391
371
349
321
302
304
301
272
285
286
285
319
353
349
381
372
331
347
298
250
218
176
121
92
46
11
11
0
18
21
32
73
88
80
85
54
45
28
10
15
20
34
45
39
34
48
55
47
68
60
27
29
12
-15
-13
-25
-50
-66
-117
-132
-194
-238
-246
-278
-326
-343
-401
-435
-466
-460
-460
-460
-463
-469
-474
-488
-489
-533
-530
-540
-580
-603
-610
-608
-631
-657
-692
-727
-730
-718
-714
-687
-638
-581
-536
-474
-424
-376
-299
-247
-186
-136
-70
5
67
121
178
233
271
297
357
410
454
525
555
582
625
625
646
665
683
687
702
717
690
706
685
713
653
657
651
635
649
598
587
530
488
435
384
340
308
265
207
173
120
72
92
81
39
58
45
39
35
36
11
-52
-111
-141
-163
-208
-206
-251
-270
-270
-284
-290
-323
-305
-313
-341
-319
-350
-335
-362
-392
-376
-411
-389
-369
-345
-312
-293
-244
-238
-221
-207
-217
-230
-207
-203
-187
-152
-169
-147
-131
-131
-123
-137
-142
-145
-152
-139
-117
-100
-81
-65
-77
-47
-5
9
66
83
123
153
163
183
168
197
194
205
239
247
289
327
353
352
361
366
340
386
390
369
379
356
351
330
326
304
276
254
226
204
179
167
136
141
114
75
39
10
-5
-35
-70
-101
-137
-160
-165
-182
-165
-179
-188
-183
-185
-177
-146
-146
-152
-139
-166
-143
-154
-169
-182
-172
-196
-181
-130
-107
-88
-51
-52
-56
-52
-45
-40
-40
-9
-6
-2
10
10
6
8
20
6
32
24
21
29
14
11
17
25
0
-2
-8
-8
-2
18
-7
0
-12
-61
-55
-64
-87
-94
-83
-90
-101
-91
-108
-119
-121
-133
-164
-187
-208
-241
-266
-264
-282
-266
-256
-269
-241
-254
-227
-229
-211
-208
-212
-187
-170
-149
-151
-117
-143
-122
-131
-103
-69
-54
-12
12
66
122
176
240
286
327
368
393
414
445
473
477
505
487
479
474
472
460
469
465
436
432
390
386
373
336
328
291
282
266
235
238
209
182
154
128
85
47
35
-15
-34
-97
-126
-160
-193
-213
-262
-253
-284
-284
-308
-288
-274
-268
-266
-287
-292
-308
-302
-299
-300
-276
-261
-256
-244
-225
-211
-178
-178
-160
-163
-158
-155
-180
-175
-173
-193
-160
-164
-163
-135
-144
-128
-135
-120
-123
-92
-98
-80
-69
-62
-5
-33
-9
-13
-23
-47
-60
-68
-86
-63
-63
-27
-11
39
68
97
124
143
158
167
181
178
166
178
155
158
176
162
163
189
197
211
224
229
226
196
179
162
144
89
97
83
71
34
24
40
25
46
34
50
29
23
58
39
37
53
27
30
39
23
32
57
76
83
96
95
80
99
102
90
102
65
85
98
107
127
128
132
129
131
115
110
92
62
67
38
5
14
-21
-9
-3
26
42
54
72
62
39
18
34
-10
-7
-15
2
7
21
26
11
39
35
34
2
-16
-76
-86
-130
-165
-188
-200
-164
-206
-166
-169
-153
-117
-100
-75
-66
-49
-19
-35
-20
-15
-41
-51
-72
-82
-106
-99
-123
-143
-128
-137
-157
-186
-199
-190
-226
-235
-248
-270
-298
-311
-343
-362
-375
-386
-377
-387
-348
-302
-291
-269
-233
-231
-205
-202
-184
-167
-144
-125
-85
-59
-14
13
33
45
85
116
122
149
155
160
168
183
169
190
196
213
196
204
215
228
224
224
204
179
177
149
162
150
151
142
137
130
139
144
119
113
107
95
97
95
115
85
124
120
114
138
141
143
151
142
122
131
140
153
159
187
179
197
188
213
206
210
223
216
251
238
263
219
234
234
208
220
220
198
170
131
74
56
5
3
-19
4
-9
3
-22
-4
14
-20
-24
-38
-29
-65
-77
-98
-122
-132
-152
-190
-186
-218
-198
-211
-246
-266
-288
-292
-305
-272
-281
-287
-290
-307
-295
-291
-328
-344
-357
-386
-390
-397
-415
-452
-427
-481
-507
-489
-536
-522
-533
-521
-519
-527
-500
-460
-426
-375
-343
-308
-245
-209
-187
-140
-98
-62
-6
18
85
138
180
241
271
333
353
398
436
471
525
546
570
590
643
652
674
715
709
749
761
761
745
754
744
733
706
687
644
593
561
508
481
426
387
349
317
273
219
142
88
58
11
-27
-65
-83
-98
-110
-122
-128
-137
-155
-154
-153
-168
-175
-155
-136
-125
-128
-108
-77
-64
-79
-69
-85
-92
-106
-132
-129
-196
-211
-248
-279
-318
-330
-319
-346
-336
-319
-302
-310
-300
-319
-317
-315
-331
-306
-335
-314
-304
-305
-268
-249
-209
-167
-160
-140
-137
-125
-115
-90
-82
-75
-65
-82
-33
-40
-21
5
11
13
10
1
4
-3
20
25
28
26
-6
25
6
4
17
-21
-21
-33
-71
-73
-60
-66
-80
-79
-147
-145
-139
-149
-173
-179
-149
-126
-66
-48
-2
9
-2
11
-30
-30
-48
-55
-56
-73
-40
-49
-44
-26
-49
-32
-18
-12
6
0
30
36
47
68
52
96
109
123
164
160
199
230
255
267
276
323
313
331
349
348
345
345
342
340
336
344
319
304
268
250
229
200
163
147
157
115
119
85
72
49
12
-15
-55
-71
-59
-54
-55
-51
-3
-32
-18
-20
-55
-36
-53
-59
-77
-79
-116
-114
-122
-143
-141
-149
-132
-119
-141
-149
-151
-179
-181
-214
-236
-243
-250
-244
-269
-271
-274
-275
-270
-290
-271
-267
-231
-188
-186
-152
-147
-146
-94
-80
-69
-27
14
54
95
140
147
185
190
230
231
230
236
247
220
186
171
163
161
162
188
172
212
192
228
228
237
231
222
254
225
260
241
242
247
248
244
243
225
214
188
157
147
109
102
89
79
39
36
2
-19
-23
-24
-8
-32
-18
-21
-28
-40
-54
-73
-83
-119
-140
-136
-178
-189
-186
-220
-236
-221
-239
-256
-247
-260
-271
-283
-271
-300
-309
-305
-309
-299
-302
-274
-257
-241
-224
-211
-207
-196
-193
-194
-183
-189
-189
-178
-166
-169
-127
-125
-80
-52
-40
-4
-6
-2
-29
-59
-73
-73
-89
-86
-58
-60
-33
-26
-66
-36
-41
-28
-30
-16
-23
-15
-6
-17
-7
0
21
28
65
105
118
156
173
182
187
192
168
162
137
131
147
125
178
161
182
225
229
271
282
300
341
376
418
434
441
456
460
441
446
460
444
441
480
467
457
460
454
467
465
470
464
441
398
377
332
268
246
211
168
153
109
92
84
59
22
-2
-53
-87
-146
-193
-267
-306
-328
-356
-376
-423
-420
-442
-452
-468
-466
-487
-522
-505
-540
-530
-518
-510
-490
-497
-500
-490
-498
-502
-494
-493
-495
-488
-461
-442
-418
-380
-366
-352
-318
-327
-340
-351
-373
-399
-380
-405
-395
-377
-354
-336
-316
-303
-291
-274
-279
-234
-210
-182
-167
-124
-142
-103
-71
-39
14
53
95
104
155
179
195
241
237
261
298
309
333
382
426
422
469
503
513
532
567
532
549
526
512
491
458
461
431
435
441
459
453
462
436
447
468
418
422
400
397
394
389
358
347
326
293
274
241
227
211
187
179
167
163
153
187
169
159
183
154
156
149
135
137
115
103
103
47
4
-13
-42
-63
-67
-52
-69
-78
-60
-83
-101
-116
-180
-201
-245
-253
-259
-282
-264
-314
-305
-286
-310
-327
-347
-376
-425
-443
-476
-505
-506
-493
-511
-471
-439
-438
-413
-401
-398
-391
-394
-393
-402
-354
-337
-300
-259
-255
-201
-200
-184
-186
-168
-143
-78
-43
-60
-36
-74
-90
-83
-99
-114
-84
-73
-79
-82
-88
-122
-137
-118
-106
-94
-65
-47
-56
-28
-14
21
38
42
72
57
81
129
146
141
163
210
188
229
276
249
257
313
291
273
304
270
290
296
315
315
310
343
327
299
291
310
297
309
317
283
320
283
284
342
382
421
475
533
512
536
538
429
473
427
340
381
327
259
232
183
73
76
54
-15
-53
-20
-127
-147
-118
-208
-205
-162
-190
-214
-175
-233
-232
-226
-299
-249
-283
-339
-282
-368
-401
-353
-392
-406
-287
-317
-295
-209
-252
-271
-292
-293
-334
-383
-371
-391
-400
-397
-360
-343
-347
-316
-297
-323
-292
-274
-341
-297
-208
-320
-337
-175
-298
-267
-160
-282
-204
-101
-169
-119
-60
-117
-120
-68
-72
-109
-1
-8
-44
-9
-17
46
69
186
153
265
265
301
344
350
336
337
327
253
383
270
325
374
323
289
348
351
294
394
445
353
408
491
387
365
445
326
311
389
269
190
194
158
160
145
145
191
145
160
172
202
181
223
243
222
238
250
248
217
198
162
169
86
-3
31
37
-37
-58
-23
-123
-78
-31
-124
-106
-97
-153
-219
-155
-166
-254
-199
-237
-285
-316
-344
-290
-359
-310
-296
-390
-394
-362
-298
-360
-347
-317
-351
-489
-325
-328
-529
-377
-248
-526
-377
-173
-490
-307
-223
-425
-153
-174
-258
-34
-18
-179
37
111
3
-59
209
139
-158
205
239
-94
196
457
-53
210
578
1
22
601
70
-46
663
196
-200
590
427
-115
555
607
65
522
622
62
543
525
139
517
450
-48
642
218
-303
609
-12
-185
437
-82
-219
394
-165
-253
304
-278
-190
206
-303
-304
82
-374
-572
208
-413
-622
300
-365
-471
210
-530
-166
145
-568
77
87
-399
49
-14
-306
86
-208
-154
12
-149
-120
45
-197
-207
117
-289
-200
-78
-201
-334
-105
-116
-399
-84
-124
-366
-320
-35
-235
-293
-53
-108
-205
-289
82
-335
-488
152
-190
-436
167
-155
-351
450
-187
-38
344
-186
165
386
-148
-69
446
-307
-36
299
-102
183
276
12
11
291
9
134
248
-40
273
73
-32
338
143
-144
755
34
-85
905
69
203
678
368
0
854
226
-113
932
42
-78
599
340
-440
735
417
-359
356
657
-287
-78
1054
-466
-366
1021
51
-766
825
362
-589
359
715
-757
353
737
-808
146
652
-467
-220
546
-649
101
104
-446
-184
279
-650
-212
224
-592
-302
-11
-298
-368
-146
-430
150
-982
170
278
-1219
614
283
-830
688
128
-873
747
-273
-420
276
-151
-179
38
-9
-141
13
63
-242
-39
328
-562
-2
334
-352
-171
300
-164
153
93
4
-56
-36
-96
24
41
-604
409
-316
-620
419
-383
-334
2
-147
-342
-201
-117
-27
-984
298
6
-1445
425
34
-1144
-221
442
-756
-643
785
-306
-1164
864
328
-1369
597
583
-979
106
716
-449
25
560
480
-665
875
727
-914
648
902
-895
687
898
-739
647
601
-399
676
682
-170
818
456
230
693
-82
338
422
468
-151
576
370
-103
971
15
153
828
-177
370
1034
-1230
1444
341
-1306
1970
-458
-680
1577
-240
-681
1441
-448
-576
1021
-754
73
317
-370
-24
105
-599
492
-101
-942
767
-165
-1170
578
192
-1588
128
1011
-1833
-438
1552
-1738
-980
1848
-1687
-1221
1388
-1438
-1581
1382
-1105
-1612
1486
-1155
-1489
1071
225
-2455
953
419
-2198
909
343
-1974
1086
237
-1671
1107
28
-1152
328
1308
-1989
538
914
-1190
-277
951
-354
-603
1022
-236
265
-72
180
201
-134
195
-201
412
90
-348
618
409
-931
1035
882
-719
307
1149
-492
-86
1381
-736
315
568
-640
969
-64
-713
1462
-608
-412
1273
-723
-13
-40
490
-533
-691
1502
-1121
-392
1589
-969
-443
1411
-709
408
46
383
121
-73
816
-267
559
171
-160
676
-130
33
1125
-672
396
481
373
-470
360
1190
-1491
1224
240
-895
780
237
-798
894
-395
449
219
-720
824
-130
-389
59
451
-1035
499
233
-810
-10
366
-677
-332
178
-385
-165
-49
-122
223
-1050
621
206
-1766
1164
225
-1392
1094
-200
-1110
1000
-211
-1042
823
-497
-950
933
-597
-1103
1384
-1000
-810
1089
-1383
-177
622
-1265
64
146
-1078
543
-556
-243
19
-333
272
-292
-363
1216
-1236
125
1155
-1468
653
1004
-935
826
300
112
194
34
585
-108
-732
1682
-774
-482
1948
-1348
507
1108
-515
-12
1356
-268
399
-93
1084
-765
235
1173
-1261
311
1240
-1376
46
1422
-1392
677
440
-658
659
-350
-284
649
-821
225
663
-1430
1412
-479
-651
1086
-480
-720
1165
-830
-339
148
-374
-414
-237
-188
-219
-209
-410
146
-557
27
-265
444
-1743
1442
-958
-739
1078
-1250
-368
971
-1188
-139
395
-422
-892
1344
-1259
-198
1235
-1731
905
-113
-1181
1541
-1029
-28
1149
-1290
811
558
-809
885
357
-867
968
-117
521
-621
1275
-195
-287
1342
-611
152
1291
-942
1095
124
-145
1392
-351
162
1277
210
-545
1505
385
-786
1973
-237
-896
2001
-572
-807
1717
-650
-677
1128
-556
61
-705
375
7
-1113
829
-203
-709
244
-62
-403
3
-341
-111
-180
-669
147
-577
-445
49
-782
596
-582
-274
740
-701
42
316
-68
-786
46
178
-159
-1080
543
-315
-723
-38
-61
4
-1022
774
-228
-745
722
-277
-763
910
-667
-495
1006
-885
-98
542
-248
-486
856
-337
-329
850
-352
-173
718
-764
254
545
-727
-600
1612
-1457
0
1084
-678
-254
1061
-651
-467
1121
-1287
757
-145
-466
773
-482
-176
348
-312
-368
299
-217
17
-160
57
9
-287
282
86
-310
320
612
-1283
1501
-722
233
-274
1160
-762
428
637
-20
-764
1803
-273
-1149
2479
-683
-430
1779
-1169
418
1532
-2287
2295
180
-1441
1796
551
-1686
1853
304
-1125
1095
621
-790
716
276
-196
975
-1481
2185
-732
-607
1539
-160
-1337
2030
-173
-851
1206
-19
107
-937
1428
-691
-1462
2369
-1239
-1000
1764
-700
-1063
1002
-539
-531
151
329
-916
11
968
-1188
-154
1009
-1082
-814
1537
-1681
-33
144
-67
-1293
1062
-896
-502
-145
333
-1861
1115
-466
-1574
1735
-1398
-873
1368
-884
-1423
2272
-1984
39
787
-1086
5
258
-740
-56
-277
-299
-61
-839
1039
-1608
520
64
-933
40
840
-1988
1228
-96
-1874
1447
-977
-548
-96
541
-877
-542
1216
-545
-862
1275
298
-1697
1873
-796
788
-1459
2870
-1603
11
1983
-930
-345
1735
-630
-232
784
452
-250
-391
2348
-1747
93
2442
-1440
-604
3604
-2066
83
2738
-1710
238
1774
-399
-715
1776
-356
50
181
1114
-233
-266
1159
-116
-701
1205
267
-1194
1828
-874
588
21
-32
616
-663
288
702
-920
973
-13
-51
1036
-1368
1438
-353
-699
1107
-273
-296
199
18
-130
60
-732
1216
-1267
-551
1393
-1625
-460
1113
-1536
-565
622
-775
-1020
917
-1217
-376
13
-494
-543
-690
1214
-2337
471
73
-1188
-329
278
-453
-673
-110
408
-290
-1842
2595
-1320
-1880
3148
-1856
-774
1651
-807
-1147
1258
-148
-939
589
96
-411
-748
1310
-694
-1193
1905
-810
-991
1781
-498
-1003
1642
-693
149
-131
512
-20
-585
705
200
-1067
913
108
-842
1396
90
-991
1853
49
-1020
2231
-1185
866
605
-682
1739
-1164
1669
482
-793
1875
-179
710
33
700
-8
1078
-758
366
967
-356
-43
1215
-498
409
297
835
-584
610
1036
-1037
1006
325
-1306
1075
-322
-85
-856
1221
-851
-864
1019
-487
-1018
452
171
-1458
-10
1003
-2299
847
312
-1348
-282
2074
-3155
1239
1065
-3416
2530
-745
-1957
2128
-1025
-962
1350
-1206
388
390
-745
683
-36
-407
648
-423
-427
155
197
-754
-247
514
-407
-887
593
258
-1783
1186
205
-1441
669
487
-832
-695
1408
-1302
-566
466
325
-1698
445
1197
-2478
604
1545
-2960
1644
-183
-1407
1478
-1389
-38
1033
-2066
1675
-656
-618
749
46
-533
805
-37
-504
1141
-151
-695
1439
-334
-1336
2296
-795
-1233
2084
-368
-1338
2096
-154
-723
1105
1141
-1612
1354
757
-1071
278
1462
-1776
1535
500
-1402
2090
-414
-612
2174
-1824
1966
-597
-214
1472
-795
469
950
-552
785
205
472
-176
-304
2027
-2231
1096
807
-2027
783
900
-2415
1375
-4
-961
735
-277
-296
42
96
-182
-419
541
-196
-1588
2258
-2441
471
816
-2040
512
594
-1579
85
503
-960
-756
400
-796
-875
450
-325
-885
109
713
-1197
149
1600
-2609
1746
-482
-356
338
110
-238
-391
597
-571
-74
-283
565
-833
515
258
-1298
1524
-1039
-585
1793
-2587
1719
-389
-847
481
358
-838
395
429
-322
122
-66
1531
-2551
2287
-258
-1750
2373
-1313
428
218
79
179
347
40
770
-515
955
189
-635
1259
-683
-638
2436
-2594
1547
1001
-1952
2165
-152
-131
646
448
285
36
625
258
-95
1125
175
-221
1613
-139
-23
1541
-849
1002
509
-1089
2015
-1145
951
-132
-235
581
-354
1240
-1155
585
1289
-1984
1180
66
-523
-107
699
-824
233
-124
268
-824
-389
1351
-2452
1075
138
-1771
359
-415
-1323
-701
499
-982
-1014
356
-136
-1312
-155
132
-853
-664
305
-692
-1212
309
-657
-957
-126
-849
285
-1117
-421
149
-194
-1426
1118
-311
-2082
2581
-2091
-270
626
-510
-725
25
795
-1610
1543
-939
240
943
-1102
1139
520
-1185
1562
434
-925
840
1016
-1310
1719
252
-1482
3122
-2460
1734
250
-1212
1718
-298
-470
854
-15
-716
1552
-458
-215
1004
292
-224
584
951
-1166
1363
860
-1666
2685
-719
-258
2064
-627
-58
1820
-1011
642
797
310
-665
678
681
-1107
833
669
-329
33
1459
-1262
865
168
249
-1000
639
610
-1296
401
786
-1169
-109
812
-378
-1462
1828
-943
-1100
904
-648
-434
-412
287
-789
-202
-256
-464
-351
-272
-87
-704
-557
405
-1421
-381
234
-1040
-370
547
-691
-541
657
-502
-642
286
108
-903
725
-1189
401
-414
-709
220
-662
-303
115
-409
-244
206
-343
-263
422
-527
-583
1121
-1159
-173
802
-1299
85
683
-1251
395
251
-1026
614
15
-1122
1170
-26
-1494
2254
-1114
-200
1215
-722
616
140
627
-222
656
368
-200
1035
282
72
900
638
-227
1335
709
-599
1750
198
125
1886
-912
1085
931
-591
984
667
-299
792
767
-494
671
295
-272
412
383
-221
362
880
-1195
1013
676
-1948
1920
-756
-167
637
-640
-41
195
-118
-547
410
112
-1105
944
-128
-1126
746
-94
-1103
804
-224
-589
1041
-1182
667
-193
-555
427
-601
335
-657
-24
-131
-530
74
281
-658
-17
381
-1005
412
-500
-136
-3
-380
-127
-500
286
-427
-557
195
-926
-264
-71
-881
-74
-534
-556
-29
-465
-419
-722
331
-968
-339
-192
-615
-462
-640
-231
-770
-226
-379
-767
10
-347
-613
593
-390
-426
551
-201
-381
891
-334
86
523
-466
731
-190
206
707
-255
797
94
-1
870
-558
489
770
-625
1264
-156
479
653
76
909
132
583
560
400
585
338
606
686
446
572
731
340
235
1066
75
333
814
226
475
318
667
121
399
468
-6
976
-403
176
839
-445
772
-152
584
26
39
874
-580
769
-153
71
321
69
-135
311
-62
-419
626
-613
-646
746
-1161
-137
36
-1422
-164
-331
-1563
164
-398
-1010
-506
-285
-945
-872
-314
-489
-997
-473
-443
-828
-623
-570
-323
-1138
-120
-291
-957
-440
-250
-771
-283
-561
-641
-570
-296
-752
-723
-408
-692
-292
-781
77
-622
-398
-56
-290
-102
-370
593
-432
-106
1043
-749
621
307
-133
638
138
76
564
276
-105
793
78
193
407
449
228
-20
777
54
246
777
62
711
80
509
727
-200
907
432
-231
825
92
407
622
341
250
614
321
294
716
338
233
939
288
361
734
185
253
630
185
60
853
-113
286
981
-40
286
710
51
320
354
458
36
387
602
-276
640
417
-146
534
576
-188
469
523
-492
504
74
-39
-21
-279
548
-906
314
165
-1016
447
-657
-521
-184
-862
-202
-716
-762
-445
-630
-764
-377
-899
-558
-388
-1114
-495
-572
-1127
-373
-575
-930
-561
-889
-433
-791
-300
-461
-204
-87
-266
49
-193
-178
73
84
-491
631
-220
-51
678
76
144
726
122
276
638
-8
549
277
113
517
320
-109
56
374
33
106
188
-384
-398
-76
-511
-95
-576
-1036
-125
-1111
-628
-177
-1196
-164
-526
-858
-263
-520
-902
118
-145
-329
460
128
275
409
759
1047
691
1405
772
1099
1341
916
1405
936
568
1390
303
620
521
-301
475
89
-204
531
-83
-586
849
-122
109
1049
53
590
1178
161
1380
688
443
1194
563
897
537
1075
131
330
709
-443
-31
-443
-709
-554
-1182
-1295
-1824
-1898
-1948
-1704
-2297
-2194
-1889
-2409
-1853
-2157
-2329
-1648
-1924
-1491
-1109
-1581
-1075
-878
-493
-189
258
-29
159
849
197
807
1140
500
1208
1069
829
1042
799
602
1119
758
511
1157
95
737
1037
149
1320
767
954
1309
1305
1745
1344
2282
1488
2315
2393
1718
2317
2078
1824
2107
2409
1256
2145
1753
1484
2048
1179
815
734
93
-146
-740
-1227
-1974
-3163
-3737
-3799
-3973
-4147
-4598
-5017
-4667
-4625
-4072
-3935
-4083
-3393
-3351
-2691
-2324
-2169
-778
-761
241
1148
1297
1986
2453
3095
3196
3446
3476
3309
3048
3329
2756
2088
2718
1734
1125
1287
512
-146
-230
-255
-1275
-852
-1390
-1656
-1627
-1522
-1050
-607
-662
466
870
1317
3056
3060
3675
4376
4711
4883
5233
5102
5075
5495
4318
4632
5160
3208
3604
3371
2652
1873
-376
-1566
-1830
-2652
-4078
-5606
-7096
-8017
-8113
-7826
-8941
-9241
-8175
-9073
-8618
-6958
-7088
-6710
-5671
-4620
-3706
-2604
-1434
-216
624
2684
3888
4552
5343
6012
6261
7015
6892
6922
6170
4802
5009
4028
2660
1615
616
-106
-1855
-2427
-2848
-4659
-4710
-5368
-5600
-5826
-5126
-4375
-4390
-2983
-1868
-951
567
1779
2774
3794
4841
5877
6353
7416
7910
8411
8923
9407
9446
9378
9658
9398
8816
8166
7013
6034
4919
3948
2733
1801
954
-791
-1517
-1793
-2472
-2799
-2887
-3866
-5573
-6910
-6772
-6176
-6614
-8429
-10028
-9947
-8840
-8432
-8577
-7915
-7432
-7567
-6678
-5489
-4410
-4669
-4208
-2967
-2890
-1821
-961
-379
417
1849
3130
3102
3952
4139
3855
4904
4799
4503
3595
2513
1897
1728
1299
273
-448
-1813
-2790
-3303
-3548
-4343
-4699
-5021
-4776
-4689
-4644
-3253
-3072
-1970
164
550
1298
2760
3576
4330
5946
6714
6784
7732
7626
8332
8769
8961
9099
8637
8575
8414
7979
7573
6824
6186
5372
4427
3644
2147
1339
573
-334
-749
-1749
-3114
-3508
-3385
-3101
-3834
-5364
-6825
-7752
-6606
-6308
-9150
-10195
-9142
-8610
-9145
-8598
-7173
-7711
-7656
-5692
-4760
-4309
-4060
-3398
-2937
-1506
402
968
1494
2622
4017
4567
6241
7160
6805
6784
6970
7496
6835
6345
5749
4413
4282
3883
2812
1776
359
-396
-1263
-2099
-2984
-3756
-4722
-5144
-4618
-4710
-4536
-4008
-3632
-2355
-1371
-130
413
1336
2119
3037
4252
4804
5327
5651
6598
7231
7442
7582
7832
7934
7999
7844
7732
6963
6240
5875
5279
4494
3421
2240
1373
207
-432
-1461
-2420
-3001
-4046
-4089
-5198
-5744
-5535
-7096
-8142
-8086
-8346
-8737
-9890
-10928
-10576
-9521
-9142
-9762
-9169
-8132
-8030
-7374
-5615
-4630
-4913
-4057
-3119
-2017
-757
713
1857
2080
3558
4640
5525
6723
7922
7960
7501
8393
8379
7655
8076
7668
6699
5979
5377
4550
3524
3117
1807
807
375
-694
-1650
-2268
-2529
-2058
-2783
-2991
-2574
-2299
-1809
-846
-410
-244
416
899
1845
2698
3500
3907
4099
4981
5729
5967
6600
6957
7133
7252
7104
6814
6587
6361
5340
4626
4229
2929
1893
1051
2
-663
-1538
-2639
-3607
-4198
-4603
-5405
-6105
-6192
-6322
-7514
-8319
-8416
-8272
-8389
-9080
-9880
-9221
-8240
-8172
-8256
-7020
-5844
-6042
-5250
-3785
-3206
-3104
-1792
-1183
-621
736
1341
1728
2748
4156
4749
5076
6117
6464
6378
6875
7358
7250
6590
6515
6311
5478
5018
5050
4054
3269
2942
1892
1042
533
-437
-1057
-1546
-1739
-2260
-3153
-2845
-3148
-3109
-2393
-1848
-2404
-2368
-1533
-1395
-710
547
128
190
1115
1510
2740
3124
3785
4378
4505
5222
5543
5706
5875
5484
5401
5473
4739
3953
3748
3101
3020
1948
964
428
-842
-1245
-1450
-2519
-3036
-4184
-4580
-4445
-4510
-5152
-6176
-6515
-6414
-6273
-6197
-7012
-7003
-6623
-6921
-6485
-5707
-5361
-5487
-5446
-4731
-3830
-3714
-3193
-2729
-2327
-1841
-935
-439
-116
850
1554
2074
2939
3833
4407
4984
5932
6764
7065
6743
7219
7310
7089
6931
6915
5881
5055
4969
4095
3170
2673
2116
1029
296
-135
-1269
-1647
-2455
-2666
-2744
-4203
-4424
-4407
-4520
-4245
-4332
-4153
-4060
-3939
-3447
-2252
-1407
-1075
87
429
1148
2535
3651
3944
4448
5054
5081
5067
5162
5222
4843
4578
4562
3279
2337
2319
1262
1174
710
-455
-1428
-1971
-2070
-2500
-3048
-3217
-3964
-4898
-4708
-4435
-4702
-4632
-4474
-4511
-4957
-4566
-3840
-3746
-3646
-3178
-2800
-3131
-2614
-2154
-1549
-1356
-867
-689
-679
357
973
1731
2137
2253
3032
3334
3709
4563
4686
4441
4840
4935
4811
4800
4534
4145
3523
3023
2768
2174
1159
765
132
-661
-1099
-2037
-2623
-3314
-3873
-3774
-4200
-4454
-4551
-4747
-4777
-4258
-4035
-3946
-3545
-3527
-3054
-2013
-1314
-1086
-314
342
954
1957
2459
2813
2983
3516
4143
4471
4546
4740
4919
4290
4421
4785
4153
3826
3649
3193
2967
2567
1918
1243
595
311
-245
-743
-1437
-1786
-2188
-2395
-2731
-3123
-3506
-4077
-3870
-3670
-3946
-3711
-3564
-3688
-3150
-2732
-2299
-1936
-1629
-1186
-864
18
407
761
1289
1653
2320
2610
2748
2837
3119
3045
3112
3258
2937
2638
2118
1743
1360
974
428
-380
-784
-1601
-2042
-2512
-3220
-3546
-4231
-4572
-4897
-5526
-5472
-5554
-5503
-5681
-5413
-5147
-5269
-4347
-3638
-3239
-2298
-1681
-1229
-64
728
1612
2529
2836
3609
4248
4836
5493
5735
6070
6738
6805
6977
7027
6766
6934
6685
6223
6033
5331
4701
4452
3804
3437
3015
2122
1633
1179
864
306
-150
-664
-1154
-1505
-1871
-2282
-2603
-2743
-2968
-3004
-3334
-3298
-3447
-3701
-3317
-3646
-3864
-3755
-3815
-3665
-3838
-3951
-3740
-3959
-3754
-3509
-3522
-3325
-3192
-3319
-3116
-2693
-2837
-2543
-2133
-2482
-2072
-1792
-1740
-1382
-1501
-1243
-1262
-813
-904
-884
-729
-650
-580
-664
-313
-276
-357
278
565
702
1459
1417
1870
2391
2742
3223
3443
3586
3805
4292
4347
4698
5026
4960
5174
5282
5265
5450
5533
5294
5211
5139
4651
4396
4268
3327
3200
2752
2219
1762
1305
1042
655
91
-263
-480
-1123
-1153
-1360
-1845
-1778
-1895
-2173
-2209
-2184
-2471
-2344
-2062
-2526
-2588
-2734
-2879
-2575
-2953
-2741
-2826
-3171
-2934
-2709
-2627
-2991
-3178
-3376
-3586
-3560
-3876
-3991
-4236
-4676
-4680
-4508
-4402
-4138
-3929
-3920
-3786
-3269
-2896
-2422
-2278
-2139
-1826
-1558
-1036
-637
-194
12
550
1177
1469
2016
2381
2765
3356
3767
3925
4252
4602
4706
4978
5138
5163
5074
5065
4995
4900
5157
4922
4439
4251
4014
3960
3526
3224
2781
2390
2193
1771
1390
887
583
350
-109
-220
-836
-953
-1549
-1974
-1845
-2253
-2378
-2411
-2294
-2267
-2146
-1986
-1928
-1776
-1815
-1450
-1037
-1020
-876
-724
-461
-171
-32
122
274
266
335
535
463
251
83
-210
-378
-526
-911
-1219
-1455
-1734
-2074
-2239
-2540
-2874
-3121
-3372
-3424
-3405
-3825
-3762
-3660
-3591
-3299
-3002
-2781
-2475
-1794
-1449
-632
60
534
1162
1872
2560
3203
3731
3961
4412
4775
4867
5279
4925
4732
4880
4393
4213
3982
3265
2888
2389
1731
1250
721
-107
-746
-1096
-1785
-2036
-2329
-2798
-2883
-3073
-2915
-2818
-3082
-3021
-2634
-2391
-2316
-1911
-1659
-1462
-918
-476
57
575
862
1061
1680
2007
2163
2720
2664
2703
2899
2944
2888
2711
2576
2315
2071
1604
1354
1012
214
-25
-692
-1224
-1726
-2287
-2745
-3089
-3152
-3782
-3859
-3983
-4277
-4108
-4237
-3980
-4011
-3818
-3417
-2983
-2597
-2219
-1450
-1116
-346
263
717
1771
2316
2927
3314
3589
4148
4254
4668
4806
4608
4564
4359
4298
3966
3700
3289
2612
2152
1643
1107
688
-49
-666
-1233
-1777
-2325
-2709
-3208
-3649
-3954
-4098
-4133
-4340
-4229
-4119
-3855
-3588
-3372
-2960
-2575
-2264
-1818
-1365
-977
-706
-404
110
537
825
1404
1508
1850
2080
2246
2607
2860
2834
3042
3189
3096
3386
3174
3094
2960
2815
2690
2416
2222
1982
1694
1405
1252
817
641
396
133
105
-218
-457
-733
-746
-872
-1096
-1230
-1377
-1545
-1487
-1371
-1217
-1153
-1093
-837
-922
-686
-182
-199
60
325
262
667
783
895
1243
1076
966
1468
1188
1046
1289
946
931
731
468
347
-13
-452
-651
-920
-1273
-1504
-1944
-2348
-2551
-2829
-3079
-3456
-3640
-3895
-4048
-3978
-4362
-4091
-3889
-4074
-3632
-3569
-3252
-3189
-2948
-2410
-2173
-1775
-1547
-1015
-618
-19
661
1298
1852
2421
2957
3281
3978
4315
4495
4912
4699
4875
4821
4620
4733
4334
3827
3574
3248
2690
2352
1791
1228
653
88
-440
-960
-1444
-1831
-1985
-2469
-2719
-2494
-2610
-2712
-2225
-2303
-1951
-1606
-1379
-859
-561
-68
309
736
1249
1749
2158
2584
3045
3200
3337
3650
3682
3628
3581
3356
3035
2847
2667
2238
1916
1450
992
449
-118
-516
-1091
-1766
-2046
-2681
-3055
-3239
-3734
-3898
-3874
-4075
-4195
-4030
-4157
-4084
-3793
-3793
-3366
-3287
-3266
-2760
-2592
-2241
-1820
-1446
-1077
-820
-273
110
448
851
992
1251
1474
1637
1641
1913
2062
2031
1986
1970
1910
1781
1616
1599
1450
1203
994
762
562
427
190
126
-73
-453
-234
-208
-225
-146
-104
-45
-184
-51
-37
101
312
378
533
618
741
845
1049
1006
1094
1117
1033
1455
1321
1253
1440
1177
1249
1372
1357
1411
1233
1300
1144
1108
1218
1058
1018
868
731
580
602
605
348
310
387
161
68
-1
-231
-493
-626
-1003
-1189
-1514
-2007
-2204
-2515
-3002
-3117
-3386
-3704
-3592
-3796
-3809
-3804
-3844
-3677
-3440
-3322
-3023
-2854
-2562
-2054
-1650
-1240
-566
-101
264
1122
1487
1923
2506
2658
3039
3303
3479
3712
3712
3578
3583
3477
3153
3005
2672
2374
2045
1483
1233
788
243
32
-296
-620
-915
-1117
-1412
-1441
-1680
-1848
-1908
-1961
-1981
-1989
-1973
-2030
-1728
-1874
-1591
-1251
-1206
-798
-516
-264
82
373
657
1090
1290
1368
1773
1749
2037
2132
2057
2317
2207
2147
2140
1919
1791
1755
1339
921
691
282
-152
-492
-995
-1348
-1781
-2224
-2449
-2740
-3150
-3341
-3317
-3539
-3546
-3468
-3651
-3359
-3028
-2817
-2248
-1904
-1513
-1025
-511
262
736
1275
1889
2389
2890
3464
4065
4482
4735
5053
5326
5367
5473
5581
5387
5206
4900
4563
4222
3725
3327
2643
2055
1549
868
239
-383
-878
-1552
-2163
-2589
-3074
-3640
-3938
-4213
-4588
-4721
-4935
-5004
-4925
-4920
-4638
-4362
-4229
-3881
-3423
-3121
-2528
-2172
-1723
-1154
-798
-82
351
730
1112
1503
1792
2020
2367
2451
2442
2492
2200
2204
2126
1771
1472
983
629
216
-315
-632
-1134
-1698
-2076
-2498
-2888
-3156
-3595
-3932
-3909
-4164
-4208
-4114
-4150
-3876
-3711
-3320
-2819
-2613
-2062
-1386
-830
-252
530
1271
1893
2566
3033
3577
4021
4363
4749
5055
5323
5458
5580
5388
5472
5411
5127
5000
4558
4216
3856
3476
2952
2574
2052
1506
1004
481
232
-119
-588
-757
-920
-1155
-1244
-1347
-1271
-1347
-1313
-1269
-1292
-1199
-1230
-1002
-855
-787
-643
-619
-518
-319
-293
-172
-9
-77
11
-2
-125
46
-58
-89
-33
-182
-259
-220
-395
-591
-520
-861
-1011
-1145
-1431
-1458
-1597
-1806
-1887
-1901
-2215
-2271
-2282
-2442
-2354
-2517
-2637
-2579
-2623
-2404
-2323
-2345
-2298
-2093
-1956
-1796
-1501
-1418
-1273
-881
-787
-678
-381
-393
-268
39
192
368
538
669
893
1075
1256
1354
1517
1624
1863
2095
2132
2277
2247
2338
2451
2427
2335
2227
2179
2133
1964
1814
1711
1587
1459
1283
1161
914
827
566
457
449
281
71
170
114
-53
87
-40
-33
54
107
203
402
449
517
757
788
836
1025
980
1056
1086
1020
1014
923
924
760
655
464
353
193
-27
-207
-379
-473
-899
-1223
-1395
-1718
-1828
-2044
-2316
-2473
-2618
-2614
-2702
-2682
-2767
-2821
-2733
-2592
-2501
-2315
-2119
-2227
-2072
-1898
-1720
-1510
-1398
-1151
-796
-737
-382
-179
-187
125
207
325
509
762
811
890
1035
1080
1235
1184
1201
1150
1128
1162
1159
1026
1030
1007
741
754
605
437
514
389
374
405
307
412
506
644
777
871
970
1129
1310
1340
1623
1680
1720
1946
1971
2072
2043
2070
2096
2045
1955
1906
1912
1718
1589
1448
1226
1070
875
559
309
22
-236
-301
-590
-896
-994
-1121
-1305
-1332
-1508
-1698
-1672
-1821
-1868
-1851
-2040
-1989
-1988
-2042
-1884
-1876
-1890
-1827
-1645
-1652
-1535
-1352
-1337
-1201
-1114
-1026
-817
-647
-602
-490
-411
-462
-354
-332
-381
-248
-316
-261
-295
-324
-351
-285
-260
-321
-286
-213
-155
-92
-61
-16
68
128
165
254
331
396
436
559
692
655
808
981
1082
1206
1334
1423
1374
1466
1457
1455
1461
1444
1460
1323
1202
1145
1104
867
765
665
465
356
289
101
-9
-29
-179
-115
-201
-351
-283
-373
-482
-371
-362
-398
-367
-370
-305
-375
-294
-303
-386
-210
-326
-270
-309
-381
-311
-464
-393
-375
-489
-372
-278
-317
-305
-226
-215
-80
-23
-26
94
88
128
66
16
-34
-181
-261
-351
-413
-524
-615
-567
-691
-747
-770
-781
-755
-793
-772
-672
-632
-560
-422
-405
-228
-116
-100
10
212
307
480
733
748
851
986
1055
1075
1187
1267
1177
1257
1279
1303
1357
1237
1288
1239
1156
1148
1021
939
896
750
655
610
582
520
516
588
460
351
365
261
241
115
-11
-124
-264
-296
-372
-460
-582
-622
-708
-761
-725
-883
-870
-1060
-1258
-1156
-1329
-1321
-1372
-1506
-1433
-1453
-1356
-1352
-1297
-1156
-1114
-983
-880
-784
-778
-689
-653
-659
-662
-620
-560
-733
-626
-578
-633
-502
-633
-565
-537
-664
-619
-707
-650
-606
-508
-380
-354
-219
-159
-10
185
221
232
342
464
601
776
863
1011
1156
1314
1462
1542
1581
1629
1580
1547
1540
1543
1520
1440
1450
1322
1309
1234
1096
972
852
655
628
545
376
321
254
97
65
69
-66
-54
-74
-70
20
-58
-130
-80
-148
-119
-93
-56
33
6
77
184
216
293
361
334
387
423
445
416
312
117
41
40
-93
-178
-240
-367
-583
-555
-751
-833
-842
-1079
-1014
-969
-939
-897
-937
-873
-833
-754
-647
-575
-448
-411
-245
-208
-85
11
-108
-28
139
105
109
131
32
72
26
70
-64
-252
-267
-330
-499
-586
-653
-777
-897
-932
-966
-1007
-1007
-1027
-1005
-986
-969
-928
-942
-918
-847
-716
-542
-391
-237
-40
175
336
493
678
766
905
964
1022
1144
1155
1266
1250
1254
1369
1346
1410
1485
1418
1403
1430
1410
1346
1339
1282
1277
1261
1228
1327
1217
1245
1154
1033
1106
996
936
814
763
668
521
411
244
141
12
-125
-312
-347
-418
-600
-631
-786
-898
-962
-1123
-1147
-1264
-1293
-1247
-1335
-1385
-1356
-1379
-1456
-1426
-1423
-1518
-1465
-1427
-1464
-1449
-1398
-1472
-1482
-1338
-1378
-1285
-1255
-1275
-1213
-1214
-1159
-1057
-1022
-977
-980
-914
-825
-714
-703
-669
-610
-563
-451
-341
-294
-246
-173
-74
-19
29
84
151
287
230
452
541
646
836
915
1090
1323
1542
1647
1929
1948
2081
2324
2470
2653
2749
2842
2984
3089
3146
3202
3213
3064
3102
3079
2901
2774
2482
2212
1918
1599
1253
906
622
189
-183
-550
-946
-1166
-1639
-1967
-2198
-2544
-2711
-2851
-2921
-2980
-3026
-2994
-2936
-2745
-2585
-2390
-2117
-1889
-1606
-1390
-1152
-935
-659
-475
-294
-42
86
200
348
481
501
500
601
522
511
481
417
298
88
-50
-269
-392
-554
-746
-816
-1004
-1071
-1129
-1252
-1337
-1389
-1353
-1347
-1221
-1116
-1010
-924
-749
-582
-384
-86
96
331
669
892
1292
1480
1680
1972
2053
2286
2445
2620
2669
2734
2889
2896
2778
2742
2656
2578
2450
2247
2110
1845
1578
1395
1048
686
450
94
-231
-523
-773
-1035
-1441
-1573
-1759
-2008
-2105
-2298
-2399
-2411
-2381
-2355
-2303
-2221
-2082
-2036
-1877
-1735
-1550
-1485
-1361
-1209
-1117
-908
-860
-682
-545
-440
-332
-220
-81
-22
38
110
189
256
288
281
339
286
255
253
190
106
38
-15
-91
-175
-301
-451
-501
-567
-647
-741
-780
-789
-788
-742
-596
-517
-442
-321
-271
-36
112
299
497
686
863
1149
1424
1596
1856
1999
2179
2343
2517
2665
2742
2817
2921
2849
2863
2792
2636
2600
2402
2263
2060
1805
1615
1302
1045
895
521
213
63
-226
-382
-512
-811
-922
-1210
-1295
-1393
-1532
-1517
-1691
-1700
-1761
-1771
-1699
-1712
-1726
-1713
-1657
-1602
-1458
-1445
-1375
-1206
-1118
-939
-898
-799
-673
-667
-447
-424
-474
-411
-552
-624
-613
-754
-787
-853
-861
-894
-956
-974
-1012
-986
-1048
-961
-990
-906
-851
-805
-719
-737
-654
-610
-456
-417
-296
-69
55
241
428
605
764
939
1004
1199
1297
1342
1435
1428
1535
1494
1612
1622
1638
1678
1626
1640
1605
1609
1543
1489
1455
1331
1236
1128
945
834
679
570
533
466
307
206
133
90
85
1
-97
-175
-256
-287
-398
-533
-594
-727
-811
-891
-988
-1091
-1206
-1293
-1362
-1466
-1546
-1610
-1617
-1594
-1639
-1584
-1540
-1485
-1421
-1322
-1287
-1219
-1087
-979
-859
-737
-564
-466
-344
-202
-85
20
97
173
235
282
290
354
417
428
523
523
517
557
517
471
440
371
326
363
338
349
341
350
476
568
665
781
809
948
1060
1144
1267
1274
1352
1420
1476
1538
1523
1566
1584
1579
1607
1584
1562
1494
1404
1321
1276
1152
1023
877
731
599
485
279
38
-122
-330
-500
-625
-771
-825
-901
-1006
-945
-982
-984
-916
-896
-850
-748
-691
-714
-604
-641
-629
-601
-637
-610
-627
-597
-618
-588
-611
-674
-659
-687
-774
-749
-854
-907
-885
-995
-1010
-1044
-1114
-1159
-1246
-1272
-1310
-1336
-1343
-1250
-1204
-1143
-962
-909
-818
-605
-520
-393
-259
-155
82
263
382
565
722
724
877
1028
975
996
1052
1054
1087
1074
1068
1023
954
919
810
716
662
536
438
429
370
260
218
193
182
155
152
120
90
85
99
178
181
169
180
182
159
278
193
116
142
56
87
61
-2
-28
-53
-166
-167
-203
-349
-367
-513
-515
-488
-571
-532
-581
-556
-455
-464
-329
-296
-194
-52
13
168
205
273
294
323
332
400
417
486
468
457
470
420
376
394
339
284
272
119
99
-52
-51
-146
-230
-265
-310
-357
-379
-406
-387
-369
-370
-342
-284
-255
-128
-34
40
150
165
290
327
432
538
629
688
731
810
870
951
1008
981
982
955
917
940
934
851
831
777
687
624
519
431
286
143
-14
-135
-261
-449
-498
-583
-772
-849
-906
-958
-946
-986
-1034
-1039
-1068
-1065
-1078
-1017
-1009
-935
-899
-824
-741
-722
-598
-534
-515
-452
-371
-332
-276
-219
-164
-195
-93
-131
-127
-110
-298
-243
-322
-451
-508
-606
-726
-757
-812
-895
-874
-894
-893
-811
-790
-803
-717
-720
-619
-531
-427
-301
-199
-89
41
219
384
569
743
891
1024
1159
1240
1309
1388
1469
1454
1530
1561
1567
1635
1612
1595
1551
1445
1312
1228
1161
1093
967
859
659
476
349
207
22
-136
-282
-465
-551
-604
-705
-748
-846
-846
-873
-834
-759
-742
-629
-584
-522
-423
-326
-220
-151
-84
22
113
153
280
383
478
610
657
732
777
770
792
765
699
672
616
562
470
432
368
205
102
-5
-89
-243
-273
-354
-434
-509
-602
-606
-655
-665
-712
-685
-667
-686
-593
-603
-564
-527
-426
-412
-277
-262
-213
-30
1
84
214
283
425
534
628
740
835
863
835
840
836
790
749
705
578
542
358
323
160
-28
-116
-288
-469
-608
-703
-871
-1028
-1164
-1288
-1418
-1523
-1641
-1712
-1733
-1724
-1674
-1671
-1654
-1550
-1501
-1411
-1318
-1317
-1174
-1054
-946
-820
-703
-574
-466
-350
-243
-134
-70
17
149
277
417
534
600
712
816
901
976
1013
1019
1044
1093
1066
1033
1026
1004
1003
1018
976
1021
989
1007
989
940
908
800
782
709
663
603
560
541
479
398
381
420
278
270
237
144
106
75
84
90
113
78
120
175
254
281
289
362
380
397
412
398
387
357
391
335
298
313
272
237
178
136
97
-35
-103
-144
-272
-337
-434
-576
-686
-799
-866
-897
-1010
-1039
-1052
-1142
-1133
-1066
-1102
-1084
-1024
-982
-949
-936
-881
-825
-734
-635
-533
-415
-319
-240
-83
68
190
342
443
571
655
760
910
899
975
1033
1018
1079
1031
1056
1023
987
925
792
701
627
527
401
312
173
88
-15
-142
-197
-293
-360
-430
-486
-517
-596
-627
-661
-733
-728
-804
-822
-804
-804
-755
-672
-639
-576
-489
-434
-298
-215
-99
-20
42
88
100
128
135
160
159
192
219
148
151
185
92
82
96
-6
-18
-99
-122
-168
-260
-339
-373
-431
-455
-477
-555
-506
-563
-500
-488
-466
-381
-387
-313
-237
-162
-88
56
144
261
389
485
611
749
894
998
1088
1236
1360
1465
1545
1557
1541
1572
1471
1479
1454
1282
1234
1132
994
856
725
546
395
218
49
-66
-250
-425
-560
-728
-851
-930
-1007
-1069
-1123
-1112
-1122
-1182
-1185
-1159
-1097
-1039
-918
-846
-741
-619
-590
-480
-413
-354
-290
-298
-330
-295
-291
-311
-319
-296
-300
-348
-325
-367
-383
-357
-376
-450
-478
-510
-534
-549
-502
-470
-483
-463
-428
-372
-324
-200
-132
-45
62
153
261
359
450
536
631
716
771
844
964
1021
1086
1081
1120
1138
1229
1245
1241
1292
1273
1287
1274
1272
1220
1188
1123
1064
986
926
867
807
802
729
722
629
587
516
414
258
146
-11
-189
-362
-481
-661
-849
-945
-1132
-1249
-1355
-1474
-1631
-1616
-1685
-1748
-1709
-1680
-1722
-1608
-1636
-1604
-1525
-1489
-1377
-1354
-1269
-1241
-1170
-1102
-1050
-948
-822
-705
-597
-480
-377
-223
-140
-25
51
89
134
204
305
322
348
380
399
466
520
511
565
640
631
614
594
609
481
75
28
-117
-158
88
409
765
1488
2003
2579
2813
3026
2477
1712
1073
350
-252
-199
-188
-103
610
1155
1812
2250
2695
2648
2355
1927
1321
685
443
265
249
513
744
964
1196
1130
1001
623
170
-356
-737
-1293
-2026
-2228
-2600
-2709
-2750
-2618
-2632
-2178
-1974
-1734
-1474
-1254
-1119
-1273
-1359
-1758
-1762
-1863
-1847
-1518
-1006
-502
113
527
746
758
512
127
-387
-806
-1066
-1133
-1025
-911
-1026
-847
-1220
-1175
-1342
-1219
-1483
-1092
-1044
-545
-98
310
929
1081
1477
1556
1877
1735
1969
1798
1817
1844
2003
1828
1588
1569
1919
1246
1375
1500
723
990
1105
1090
629
1312
892
710
895
1201
665
324
855
172
201
753
503
861
457
1033
734
218
421
499
-125
-405
438
-461
-478
-274
430
-1205
-135
-176
-990
-737
-576
-1048
-999
-944
-1667
-821
-1520
-1261
-1112
-884
-2089
-963
-810
-2248
-785
-924
-1337
-1704
-844
-1001
-1853
-301
-835
-1729
-199
-384
-1280
-455
25
-1047
-303
-180
379
-655
431
295
-904
508
-721
-542
-342
-930
-284
-161
148
-79
437
-146
307
-617
304
-78
300
730
436
1444
1050
872
1051
930
827
954
1316
1137
1436
1430
1137
1721
989
872
862
1421
-170
1311
845
718
916
534
896
26
1092
-24
798
-504
161
1104
-327
261
1582
180
-605
1825
-716
-360
504
-103
-296
310
210
-65
-359
362
-491
-723
71
-1246
-339
-562
-725
-740
-51
-1384
-1128
661
-2154
395
0
-749
494
-257
-359
265
-292
-600
-420
279
-1118
510
-218
-551
914
-1044
-141
-410
-672
-220
752
-1469
1506
-72
-551
926
-989
307
-50
-1201
193
-585
-24
-1079
167
-508
-2132
860
-2771
212
-950
-655
-764
-13
-781
-312
-1432
-929
-41
-1280
78
-253
205
1137
-633
28
2261
-1062
1495
1363
133
1059
1555
325
961
1196
585
1531
-32
1738
438
117
863
644
-563
-433
1000
444
-1191
626
792
-2012
1144
607
-2112
847
1786
-2616
2089
-353
-82
370
-455
-33
1524
-434
984
2245
-1149
1189
981
65
-372
1380
239
278
1124
1172
558
-98
1128
197
-933
816
365
223
52
1191
-750
-226
-225
-1380
-452
-1102
-453
490
-1706
-196
773
-2188
-1125
665
-2667
-1638
695
-1850
-1214
-252
-650
-1424
-1453
70
-1699
-1039
110
-1762
-148
-751
-705
-306
-282
-960
-535
360
-955
-9
1055
-681
-32
1251
-423
-241
1396
-1562
-52
1166
-1324
-52
947
-706
-220
754
-150
-831
1222
-108
607
-393
-206
1808
-1866
681
901
44
220
1677
-160
524
1387
84
1244
619
881
1230
559
939
-540
1288
730
-1093
1777
471
-1324
1028
721
-495
-132
1332
-93
-38
1896
-1150
-11
2139
-1546
107
1731
-1217
45
2819
-1020
-68
1248
870
-1290
878
2312
-2122
926
2201
-1882
859
1262
-1483
336
964
-1843
-156
207
-518
-1249
-454
1801
-3442
631
468
-3662
292
981
-3771
1259
816
-1589
-600
1603
-233
-1750
1156
912
-1830
-441
3588
-3100
430
3660
-2615
-82
2433
-616
-1032
1890
189
302
530
179
456
-586
150
-1034
-584
-843
-499
-1298
-657
-889
-1233
-764
-1559
-1348
-623
-1803
-811
-1345
-254
-1043
-1931
622
-519
-990
-44
576
-620
317
0
1206
-984
1220
2809
-2022
2018
1434
-374
297
1403
1465
-1349
1849
1120
-2083
1812
791
-1391
1470
-337
-475
1101
-2051
1277
256
-2999
2634
-708
-2231
1739
76
-2486
530
302
-1462
175
756
-911
455
-275
54
-180
-261
-163
317
1782
-1614
1932
1312
-1153
1726
2219
-2067
2255
2336
-1475
1984
2422
-1128
1838
1230
-599
1059
732
197
-652
3171
-1840
595
2061
-1042
-454
1801
-187
-1084
1963
-962
-640
1072
-331
-2445
912
-929
-959
-191
-18
-742
-1209
307
-435
-1257
1066
103
-867
1364
-791
679
-173
89
-41
622
353
46
1131
289
102
76
308
327
-659
-165
1063
-730
-765
27
766
-2550
1828
294
-2622
552
-159
-1558
-1567
690
-2707
-962
-80
-2203
-2126
189
-982
-3252
1220
-2013
-1832
15
-282
-2767
204
341
-3908
921
722
-3436
629
1265
-2627
831
1290
-1386
199
1454
-636
239
1209
-12
-401
1878
-664
436
2005
-276
1223
2033
-18
238
3034
-499
-33
2287
638
-1281
2101
1846
-1872
1593
1536
-1154
369
2203
-115
51
1363
780
-1337
780
870
-208
-40
1218
260
430
686
832
147
904
1147
590
319
732
846
88
-261
210
1005
-186
934
792
1661
-1021
2199
-62
-1632
786
569
-1871
-450
1862
-2442
-877
1612
-2673
-448
1349
-1773
-1691
1334
-1127
-2876
1061
-1433
-2886
-507
793
-4139
-14
1242
-4006
-747
2343
-2994
-1635
3360
-2737
-1959
2189
-1450
-2938
2841
-643
-1678
1034
1107
-1137
-445
2143
-870
-1255
2955
226
-2756
4530
-1456
-1347
3809
-1369
279
2505
-373
691
542
1587
-994
-373
2706
-1236
-1407
3515
-1727
-1405
3733
-1988
-149
1868
-414
505
-445
2475
-1262
-527
2961
-1247
181
2204
18
-40
1461
1355
-866
1359
1860
-1300
1191
1684
-528
271
1685
-6
-129
671
1109
-1161
523
1147
-2582
236
-192
-2390
480
-1200
-1782
336
-2302
-1330
-17
-2967
-1071
-480
-3710
-484
-1048
-2598
-1852
132
-2498
-2709
393
-1159
-3182
1607
-848
-2366
1758
-1216
-307
-564
1174
-849
420
658
348
467
932
275
1068
857
-332
1811
1010
-450
1449
1148
-252
366
1806
516
-262
2158
160
-120
2208
-575
346
2247
-2034
1725
772
-206
50
1083
594
-1047
622
2072
-2356
783
3650
-2922
766
3130
-1541
-429
3052
-790
-456
2366
953
-1878
2885
1132
-2131
2471
709
-1451
1180
1301
-1263
640
791
-923
-518
1608
-2068
-71
781
-1582
-205
191
-1447
-560
-475
-1465
-696
-1989
-255
-2479
-496
-1199
-1627
510
-2522
-1144
531
-2024
-1612
1184
-1545
-1150
225
349
-2636
796
722
-2929
2139
1294
-2207
1888
1465
-1791
2117
334
-493
1645
572
816
185
2286
-83
837
2057
41
1498
1363
149
1356
875
-802
1851
-375
6
552
169
-130
470
430
-1087
820
-579
-1113
328
-676
-1581
716
-917
-755
-166
-22
-564
-1310
1589
-266
-2285
2306
-101
-1862
1875
-107
-1639
1201
423
-1895
1399
-366
-1122
1031
-1460
-510
46
-392
-1165
394
-1149
-427
-316
-1165
-1049
-104
-1628
-1394
1
-2058
-1306
695
-1535
-2531
2709
-2884
-1310
2016
-3101
225
1661
-2958
2158
205
-633
2166
-682
946
1133
168
1675
1696
162
2916
936
941
1873
1566
1747
1281
1578
2202
1585
555
2997
193
1748
1640
1642
107
1445
1299
-741
644
1236
-110
-416
2364
-366
-707
1502
111
-1284
1155
52
-974
1103
310
-508
-713
1268
-1622
-363
160
-681
-1001
641
-1642
208
-2178
-201
352
-3128
177
-175
-2146
-1171
-168
-1712
-1154
-108
-2278
-318
-1232
-2141
-185
-1921
-1895
-417
-1650
-2059
-5
-1178
-2216
433
-1775
-1519
474
-2342
-316
-390
-1452
-370
-160
-1237
547
-258
-898
1432
36
-786
2070
383
-605
1705
1286
-727
1111
2310
-1160
1509
2119
-670
2306
1083
290
1149
1328
131
1195
118
1113
743
-183
2012
-180
157
2517
-992
259
1653
-321
-355
1126
615
-670
1292
1043
-704
-489
2675
-1859
-48
2227
-624
-567
1413
927
-1725
570
1668
-1567
-472
2961
-1311
4
1652
298
-799
290
2179
-2363
1445
1015
-1487
638
1306
-1858
678
1100
-1126
-39
347
-101
-2143
554
-133
-2840
386
-958
-2323
212
-1626
-1543
-815
-1357
-1169
-1607
-598
-1189
-2058
-151
-976
-2516
140
-637
-2334
-27
-721
-905
-903
500
203
-1848
1155
-27
-1162
444
1010
-609
73
1984
-103
-845
2872
357
-1095
2973
479
-1047
2490
1508
-1802
2422
1140
-1221
615
1677
-101
-301
2360
-881
147
2087
-363
-355
1995
59
-99
1641
-755
1230
616
413
1348
-170
942
1392
-183
1204
942
-10
1780
-3
-179
2232
-13
-676
3208
-1118
-332
2396
-589
-1047
1045
1128
-2914
1680
-103
-2461
1347
-360
-1735
563
-736
-837
-618
-604
-626
-1250
-1276
-455
-971
-2885
747
-1376
-2278
370
-1291
-1864
-664
138
-2194
-923
473
-1148
-1667
1621
-2572
-560
1225
-2540
332
304
-1445
-221
405
-1156
231
245
-76
-580
1964
-1121
-123
3083
-2298
619
2853
-1450
41
3618
-1485
285
1788
695
-1194
1135
2157
-1628
1305
1816
-993
836
737
143
1079
-1220
2756
-541
-1042
2705
-347
-1251
1787
294
-1169
1637
1494
-1485
1514
1971
-2222
1706
1147
-1442
1704
1055
-1247
1880
147
-188
1001
370
92
167
811
-755
954
-347
-467
955
-1506
-433
1423
-2041
-803
1655
-2328
-918
1979
-2374
-1172
1142
-1648
-1709
402
-1229
-1696
379
-1061
-2060
963
-555
-2983
1766
-238
-2758
1586
439
-3295
2214
-74
-2847
2179
79
-2358
1153
925
-1536
-338
2318
-1777
-426
2673
-1102
-1262
2548
-410
-1803
2094
-720
-1529
1331
709
-1645
1056
866
-950
325
759
-853
147
758
-273
-465
638
423
-1447
979
442
-1253
1061
926
-1204
46
2010
-1493
-25
1487
-706
-348
1495
539
-1735
1998
426
-1713
1566
624
-730
109
1914
-674
-273
2415
-553
-480
2187
-349
-892
2155
-359
-1353
1700
-165
-1962
1682
324
-2784
1598
570
-2734
182
1397
-3195
232
1481
-3088
232
448
-973
-1620
1167
-1224
-545
155
23
-354
411
327
-1269
1720
-594
-356
1191
365
-733
1671
29
211
1344
575
779
448
1528
140
510
779
782
-903
1961
-489
-377
1348
-582
-429
154
-267
-775
610
-1114
474
-279
-727
-479
117
-1266
22
-511
50
-953
20
439
-2149
1353
-147
-1011
108
738
-730
105
686
-202
-238
647
855
-1475
1680
538
-1468
1275
316
-1565
841
556
-1760
907
-276
-1550
-140
127
-2026
-263
468
-1818
-717
1494
-2148
-746
1173
-1106
-1111
614
390
-1026
-404
1297
-404
-1680
2350
189
-1830
2673
274
-2248
3108
-355
-1411
2292
131
-519
1341
598
-182
996
1340
-540
429
2616
-1442
-181
3271
-1700
-647
2323
-1142
-1277
2063
-277
-1674
1284
654
-1253
-1290
2156
-1016
-2756
2330
-652
-2823
1813
-48
-2075
736
173
-87
-1175
685
1113
-1946
811
2006
-2738
1490
1375
-1209
526
1181
188
-430
1097
835
-68
-258
2927
-1364
365
2300
-604
-839
2319
-393
-1069
955
604
-633
-371
892
-658
-842
684
461
-2832
2117
-435
-1977
918
-44
-1660
817
22
-1462
1117
-968
314
-667
149
488
-808
176
668
-1032
888
415
-1486
1617
424
-968
861
-56
122
-408
27
368
-1052
33
619
-1514
-943
1322
-2406
-1009
875
-1003
-2201
1613
-945
-2156
697
-688
-1599
-828
533
-1120
-1342
1017
-615
-1704
643
755
-2022
181
1704
-1251
-1057
2532
-806
-1154
1923
501
-1742
2108
1599
-2227
1937
1795
-1696
1503
1543
-1214
1201
1165
-725
146
1117
310
-533
-41
1997
-1861
-369
2166
-1382
-1144
2015
-972
-1942
1741
-618
-1643
-55
1828
-2570
36
2126
-2276
101
872
-298
-893
872
237
-392
188
1449
-875
-382
1859
-281
-924
1687
860
-915
1273
1180
-520
375
1543
-668
-205
1604
-63
-1295
2104
-344
-818
1462
-382
-522
353
-7
-372
-351
-218
672
-2127
659
578
-1897
305
802
-779
-1050
1602
-98
-1723
814
297
-805
334
376
-308
707
376
240
241
941
769
-872
2072
654
-853
2283
978
-1391
1694
1572
-1098
1392
856
-46
970
344
420
388
134
-91
480
476
-1174
1099
381
-1852
952
1147
-2491
-23
1399
-2188
-753
525
-1504
-1083
-115
-1225
-757
-413
-693
-1383
-49
-887
-494
-241
-1659
-46
-813
-971
-774
-649
-348
-854
-1025
68
-994
-1033
-34
-1221
-983
-873
281
-1583
-636
434
-1564
-178
-56
-1032
-978
1057
-1442
-205
-701
-579
450
-1168
54
124
-111
197
193
-145
658
-1
1202
-457
416
1715
-365
739
1823
-766
1278
1924
-503
1472
1755
687
556
2090
1010
270
1992
862
314
2056
1634
-283
1693
1667
94
1123
1680
-18
827
1725
-86
1087
651
52
1356
-350
436
1001
-890
734
313
-1302
640
94
-1190
205
-138
-1210
-288
-669
-575
-844
-999
50
-847
-536
-381
-1552
-264
-311
-1744
-536
-331
-1050
-912
-93
-781
-828
-428
-509
-846
-782
133
-1088
-718
595
-2091
-14
226
-1425
-41
-67
-730
-192
200
-1102
52
-764
421
-555
-100
442
-230
674
-244
248
684
-224
475
1441
-1116
1166
849
-740
676
788
-70
742
813
164
950
272
843
-46
950
357
201
546
225
148
4
18
-153
1049
-289
-769
1749
-240
-879
1254
-270
-650
721
160
-278
-33
868
-431
-600
1531
-789
-129
995
-887
-318
654
-1178
127
163
-801
310
225
-270
-537
257
-323
-810
407
-879
-249
690
-1315
31
225
-848
-247
5
-360
203
14
-44
434
307
-77
-369
1490
-567
-106
1120
-185
-450
618
238
-543
219
616
-191
-838
1095
59
-1444
475
239
-625
91
-21
-502
473
-492
-442
-205
-74
-1328
-227
535
-1440
-208
688
-755
-1151
838
-241
-1647
226
1077
-2053
-535
1720
-1662
-1118
1501
-1379
-1359
1308
-565
-1817
655
225
-2080
-197
802
-1951
-4
909
-1239
-366
1329
-694
-820
2021
-169
-1071
2018
842
-1669
1156
1865
-1791
650
2566
-812
-249
2563
468
-1145
2565
1263
-646
1897
1821
-287
925
2726
-205
351
2483
992
-98
1812
1881
-341
1299
1735
65
792
1308
791
346
1245
652
137
1226
653
34
842
866
327
30
390
-384
26
220
-900
-227
483
-1091
-755
-30
-1602
-827
-102
-1719
-1380
-84
-1395
-2017
-335
-902
-2805
-493
-132
-3016
-781
64
-2453
-1937
192
-1776
-2848
627
-1024
-2842
-108
-493
-2360
-794
96
-1449
-1325
310
-740
-1437
-54
-106
-1362
-190
187
-668
-876
132
201
-1015
189
514
-695
257
567
-176
79
659
174
185
262
769
-33
656
533
398
1018
97
1080
851
260
673
1406
531
301
1877
743
142
1517
1497
-79
1427
1745
162
1135
1879
-76
910
2004
-214
956
1322
190
420
1046
-58
298
735
-17
213
364
605
-240
724
306
-353
484
195
390
-101
235
483
-189
-65
372
226
-37
262
512
-54
-208
737
41
-549
714
568
-305
82
418
186
-598
368
-160
-407
244
-266
-622
39
-126
-1090
-325
-371
-752
-329
-202
-895
-409
-380
-680
-575
-422
-527
-813
-715
-748
-759
-1097
-784
-648
-1248
-851
-256
-1114
-1502
-26
-988
-1801
18
-659
-2090
19
-681
-1634
-737
-84
-1303
-1481
639
-1228
-1235
532
-933
-1041
343
-245
-696
186
267
-293
-53
631
-112
-159
751
220
-311
853
269
-290
616
362
334
447
903
439
789
1096
629
931
590
1185
778
499
1189
781
545
928
549
758
812
847
749
588
1196
798
491
1172
1172
466
953
1198
803
580
1148
893
139
772
1163
-44
169
1181
-45
-189
563
265
-425
9
677
-460
-222
614
-557
-458
361
-395
-428
26
-324
-403
117
-594
-615
-46
-693
-816
-250
-542
-1130
-294
-409
-1303
-463
-555
-1170
-757
-498
-728
-974
-608
-597
-1160
-755
-231
-919
-1087
-198
-224
-1129
-430
115
-1238
-624
389
-702
-700
188
-261
-694
-231
-180
-440
-385
84
34
-520
26
115
-481
-69
21
-415
143
124
-244
412
-124
-104
559
-215
51
483
153
262
439
306
440
116
451
568
-57
725
502
-113
757
374
-135
600
687
238
501
1060
666
555
995
856
424
851
889
475
737
787
511
537
726
553
468
611
726
588
445
472
729
317
114
491
286
325
-100
592
111
-422
720
-15
-470
566
-11
-411
1
-94
-311
-651
-115
-56
-1095
5
-40
-1456
4
-231
-1269
-126
-245
-724
-592
-364
-563
-736
-555
-676
-338
-959
-234
-502
-912
-143
-734
-563
-622
-314
-119
-915
-115
-179
-811
-207
-432
-368
-287
-316
-16
-283
-219
-54
-270
-216
16
-124
-70
225
-215
-47
269
-405
19
361
-363
-133
326
-206
-422
75
-154
-600
-35
86
-162
-22
180
65
-172
172
192
56
326
332
225
481
398
513
442
490
578
487
768
663
623
630
879
535
438
939
395
478
556
338
362
263
470
11
405
322
-120
219
239
-46
-166
340
-252
216
199
-290
460
15
9
-3
80
-6
263
92
-95
130
97
69
-146
138
-18
8
17
5
9
-148
97
-37
-200
92
-311
-223
-48
-459
-414
-228
-295
-454
-467
-255
-339
-612
-550
-314
-660
-651
-267
-842
-600
-68
-661
-546
37
-407
-499
-52
-315
-449
-93
30
-291
-20
279
-197
88
392
141
152
472
417
165
638
434
262
450
293
229
521
120
254
372
-46
76
216
-66
-227
395
-99
-310
316
41
-253
180
-93
-58
-160
-139
-22
-435
-204
-152
-576
-349
-162
-728
-426
-344
-592
-459
-430
-544
-509
-565
-419
-446
-544
-364
-313
-419
-404
-19
-391
-337
197
-123
-197
498
71
98
506
372
346
593
599
533
701
872
504
915
695
339
799
577
305
517
207
256
581
300
417
591
686
457
408
689
526
175
728
468
256
599
570
398
671
473
441
633
426
391
493
439
146
280
159
40
-65
-46
-64
-364
-24
-151
-558
-192
-360
-465
-597
-462
-661
-801
-406
-826
-817
-456
-813
-909
-488
-614
-896
-648
-373
-1024
-512
-535
-784
-578
-657
-523
-722
-501
-317
-818
-293
-265
-589
-183
-348
-271
-101
-375
-26
-79
-269
231
-106
5
292
164
152
248
209
183
74
311
239
13
259
278
-113
177
284
-28
299
273
329
231
374
367
220
544
365
379
533
363
622
265
477
510
354
612
551
427
490
697
304
377
632
340
396
692
473
298
630
330
206
461
177
122
267
12
-32
-37
-161
-90
-126
-161
-161
-234
-89
-219
-369
-198
-281
-606
-197
-433
-833
-398
-522
-1133
-633
-508
-1137
-609
-276
-925
-530
-254
-717
-604
-319
-564
-673
-22
-484
-488
82
-330
-273
111
91
-138
150
505
25
198
448
149
226
113
485
230
156
496
265
356
359
370
279
270
365
164
252
293
133
295
71
183
194
121
185
89
144
120
41
57
242
-242
133
293
-239
80
200
-179
12
233
-134
-7
75
-134
-108
-31
-85
-8
-199
-113
-136
-311
-252
-230
-325
-379
-285
-239
-298
-326
-197
-246
-304
-154
-199
-295
-344
-152
-284
-343
-22
-289
-275
-74
-241
-65
-100
-166
197
-85
69
205
38
236
289
285
345
422
283
545
487
533
731
604
640
911
696
693
935
632
602
922
587
724
852
598
675
639
581
321
345
628
178
319
540
87
263
189
10
-51
-71
-68
-272
-304
-113
-235
-519
-362
-394
-793
-421
-591
-688
-588
-641
-659
-664
-692
-755
-782
-754
-781
-933
-795
-812
-917
-813
-715
-1083
-703
-820
-966
-722
-857
-719
-677
-633
-564
-662
-532
-422
-600
-402
-352
-362
-229
-175
-111
-179
65
31
43
202
231
225
417
341
354
508
495
472
573
500
521
559
520
556
514
663
362
529
649
312
502
721
554
446
826
619
479
675
723
440
740
818
568
736
722
755
662
734
736
661
493
723
479
298
474
421
-85
272
310
-115
211
18
-149
17
-154
-240
-45
-367
-362
-87
-327
-481
-188
-379
-430
-357
-332
-409
-415
-332
-366
-307
-408
-299
-129
-508
-345
10
-609
-311
-182
-447
-227
-154
-320
-363
-234
-268
-441
-244
-427
-349
-285
-350
-299
-286
-295
-373
-275
-323
-173
-354
-157
-156
-378
-174
-84
-289
-377
-20
-313
-308
83
-326
-250
25
-243
-67
35
49
72
143
104
119
226
119
138
214
242
110
236
264
74
243
326
67
215
367
214
278
359
288
335
281
373
298
251
339
178
216
111
169
198
44
18
151
99
-71
172
144
-145
18
112
-220
-181
12
-198
-306
38
-117
-249
38
13
-208
39
149
-80
52
210
95
127
112
192
145
162
246
203
317
341
366
308
421
218
296
254
79
266
120
50
93
-52
38
-86
-92
-6
-71
-74
-76
-46
-124
-181
-195
-113
-273
-257
-157
-174
-260
-215
-222
-306
-283
-227
-298
-284
-161
-346
-242
-143
-381
-202
-110
-324
-281
-45
-268
-279
-35
-244
-307
-63
-249
-167
-28
-360
13
-130
-339
25
-151
-304
-91
-40
-226
-17
24
-141
53
157
44
133
64
95
-10
126
195
34
236
113
208
293
33
308
334
131
391
396
303
411
377
291
505
439
338
581
362
411
561
334
386
462
233
369
343
188
265
294
168
64
317
70
37
224
39
-40
172
-20
-95
160
-18
-68
40
0
-230
13
-36
-312
-82
-74
-294
-163
61
-285
-75
-43
-353
-151
-174
-349
-249
-330
-363
-365
-295
-324
-539
-278
-355
-419
-246
-211
-350
-270
-299
-397
-265
-332
-368
-267
-310
-293
-333
-244
-206
-502
-278
-168
-401
-313
-80
-474
-205
-179
-346
-256
-178
-237
-266
-63
-259
-164
-257
-211
-96
-255
-236
61
-218
-267
114
-177
-188
157
-22
18
154
-59
72
80
145
73
253
254
304
371
277
483
323
304
449
335
427
492
417
465
507
431
422
574
592
443
601
665
403
560
567
332
555
460
280
538
349
446
364
344
531
393
454
500
389
477
440
371
379
179
377
208
174
364
28
170
203
-81
189
81
-69
84
-21
-23
-154
-145
-171
-233
-237
-203
-249
-322
-258
-250
-278
-394
-233
-251
-414
-313
-254
-410
-314
-413
-437
-441
-495
-423
-552
-447
-444
-508
-470
-421
-479
-465
-408
-450
-392
-432
-513
-595
-516
-562
-564
-521
-627
-511
-460
-565
-417
-403
-450
-353
-326
-315
-239
-212
-257
-210
-332
-89
-178
-275
28
-144
-134
32
-29
-54
64
84
70
211
251
266
334
351
312
370
383
325
481
464
408
503
450
366
466
418
512
564
507
620
513
627
484
579
677
470
509
547
546
404
568
427
426
358
395
382
218
412
220
203
264
247
97
286
198
90
313
60
144
175
7
-26
132
-41
-47
37
-151
-76
-120
-98
-22
-35
-153
-61
-51
-175
-39
-47
-203
-70
57
-253
-102
-4
-173
-116
-85
-30
-234
-45
-58
-220
-118
-46
-236
-235
-82
-318
-216
-163
-273
-253
-188
-245
-289
-204
-294
-349
-244
-433
-366
-393
-472
-385
-415
-416
-580
-451
-510
-712
-520
-623
-720
-503
-637
-639
-467
-471
-569
-353
-330
-422
-332
-348
-356
-351
-327
-202
-276
-243
-21
-120
-92
8
-23
-55
144
132
55
213
307
177
332
336
230
313
349
276
349
373
427
431
330
479
362
461
442
389
370
544
413
337
609
452
526
598
667
623
689
703
648
705
613
579
697
555
577
679
466
634
531
430
479
422
438
389
411
319
336
279
194
164
133
33
96
44
-36
-30
-178
-114
-312
-306
-327
-449
-416
-456
-576
-551
-547
-589
-571
-568
-642
-601
-671
-636
-641
-728
-586
-551
-640
-519
-449
-576
-484
-592
-539
-515
-504
-407
-283
-355
-279
-112
-261
-213
-104
-95
-120
-44
-73
20
-75
-119
38
-147
-162
-28
-118
-61
15
-59
-41
-23
-25
19
7
48
139
6
149
83
31
133
59
36
101
146
86
213
231
286
286
500
419
364
623
439
429
542
454
345
566
430
361
509
381
409
385
413
457
386
382
460
367
300
303
194
206
162
84
94
28
-17
8
10
-7
-5
45
31
-105
36
-9
-146
-30
-82
-72
-48
-2
60
-75
9
-33
-22
-51
-65
38
-35
-127
16
-57
-201
-56
-131
-176
-160
-234
-158
-345
-311
-219
-434
-369
-347
-407
-417
-333
-281
-411
-389
-275
-516
-380
-305
-475
-419
-437
-506
-494
-465
-562
-436
-430
-410
-395
-307
-274
-266
-158
-205
-105
-12
-46
-68
130
-71
13
118
-52
137
91
101
170
174
165
218
144
230
210
151
273
233
199
117
244
111
129
153
165
155
217
231
203
314
263
339
291
416
419
338
386
464
377
413
465
477
541
470
510
461
473
459
414
423
317
341
308
173
210
142
97
63
72
15
43
-35
28
-10
-47
60
-17
-11
-2
11
-27
-92
-4
0
-88
-19
11
-68
-104
-63
-85
-162
-116
-142
-173
-160
-223
-298
-247
-339
-427
-369
-423
-437
-346
-412
-430
-322
-416
-452
-320
-469
-480
-470
-578
-440
-556
-607
-528
-584
-505
-549
-500
-419
-487
-388
-413
-449
-370
-334
-316
-295
-191
-297
-211
-229
-269
-131
-179
-89
-32
26
67
79
158
161
195
272
259
323
357
322
360
373
399
384
436
461
418
569
565
500
536
526
486
531
657
495
557
605
575
516
646
590
502
516
438
477
369
444
414
328
404
474
234
381
456
197
281
254
267
101
161
185
16
101
156
51
59
209
96
111
229
116
51
110
31
17
0
40
-109
-155
-89
-165
-212
-178
-242
-300
-229
-267
-308
-322
-221
-356
-394
-301
-458
-437
-397
-418
-540
-417
-514
-634
-518
-686
-701
-685
-705
-827
-695
-719
-819
-665
-706
-764
-616
-595
-650
-559
-464
-504
-479
-390
-471
-404
-392
-385
-298
-309
-258
-129
-173
-86
-42
-36
157
37
152
255
86
241
342
263
263
362
332
326
413
296
357
319
360
379
371
374
349
463
382
413
562
410
491
644
444
510
504
381
428
422
381
335
381
392
366
402
429
359
461
496
475
504
556
598
512
543
515
504
470
520
477
449
502
481
446
432
430
354
287
352
343
258
331
314
267
230
188
122
-47
-94
-115
-263
-302
-258
-339
-406
-319
-408
-511
-407
-401
-543
-376
-462
-543
-479
-591
-559
-602
-672
-657
-706
-710
-692
-715
-709
-668
-644
-748
-587
-586
-731
-597
-663
-717
-668
-693
-697
-685
-647
-608
-547
-522
-526
-509
-406
-372
-356
-251
-272
-303
-213
-235
-205
-139
-136
-77
-100
-72
-28
-97
-13
-18
-64
4
65
87
116
125
199
149
74
185
122
127
235
225
196
277
316
244
378
421
378
539
599
559
606
725
605
639
716
704
645
739
771
630
724
790
651
711
771
608
712
730
573
601
571
531
528
485
445
370
335
338
292
234
316
216
132
216
66
28
158
25
46
171
114
87
106
140
88
55
81
41
55
32
-10
-70
-44
-98
-145
-105
-150
-204
-233
-244
-344
-378
-339
-454
-475
-393
-480
-535
-509
-579
-648
-673
-599
-644
-671
-640
-613
-674
-611
-520
-640
-557
-500
-592
-513
-391
-508
-438
-350
-462
-395
-287
-354
-293
-272
-275
-245
-327
-276
-313
-307
-284
-293
-256
-243
-172
-157
-229
-121
-134
-177
-2
-96
-72
77
-48
54
87
60
119
176
214
278
332
375
375
420
458
437
489
541
525
576
637
577
564
585
493
484
559
494
504
555
523
462
502
505
399
453
459
420
420
411
341
390
367
306
374
257
255
236
181
93
162
74
2
56
-60
-91
-43
-147
-156
-67
-199
-184
-167
-203
-233
-299
-344
-344
-386
-438
-386
-395
-431
-385
-401
-354
-371
-317
-358
-327
-296
-324
-290
-325
-260
-280
-262
-231
-245
-159
-209
-190
-146
-268
-223
-237
-251
-248
-208
-168
-178
-74
-125
-66
-29
49
76
42
127
95
89
194
186
113
215
214
227
266
252
281
240
293
318
279
312
348
330
305
252
264
255
183
98
137
111
37
64
37
-26
-64
-37
-87
-111
-55
-69
-64
-69
-28
-3
-83
7
-45
-23
7
-79
0
21
-6
9
31
-40
-48
-37
-10
-61
-92
-36
-69
-31
70
-12
60
138
15
13
108
-17
-75
39
-27
-76
-94
-81
-160
-80
-100
-58
-36
0
112
27
105
59
87
87
83
99
16
70
32
17
61
-8
7
33
7
18
13
1
-61
-79
-80
-163
-138
-101
-141
-116
-117
-223
-185
-196
-274
-326
-298
-311
-350
-313
-382
-385
-397
-391
-377
-394
-366
-370
-395
-370
-359
-411
-390
-303
-345
-293
-208
-246
-194
-106
-165
-86
-19
-3
32
60
119
146
199
261
237
305
365
354
369
408
404
435
434
447
516
490
553
604
501
575
579
532
577
598
564
551
585
512
535
545
508
503
536
498
459
464
413
397
392
360
294
299
282
218
231
172
152
77
37
-5
-92
-66
-59
-100
-157
-159
-249
-193
-244
-302
-318
-358
-361
-405
-379
-372
-439
-408
-454
-477
-448
-461
-477
-461
-483
-543
-475
-475
-411
-406
-378
-354
-314
-290
-249
-258
-359
-331
-355
-364
-301
-307
-281
-252
-207
-219
-169
-112
-186
-158
-126
-169
-112
-66
-60
-85
0
7
-15
41
67
12
33
53
27
18
60
134
43
117
166
144
205
239
242
236
279
284
235
250
223
192
193
265
130
163
203
135
128
135
114
71
121
123
165
131
151
149
132
142
108
75
62
43
-29
50
28
-10
94
-28
-88
-2
11
-74
26
73
24
105
128
118
119
144
161
146
148
166
169
198
139
202
209
196
265
219
189
316
186
227
247
149
246
231
215
203
182
157
157
97
120
138
121
93
103
78
-5
13
-38
-88
-50
-104
-133
-91
-162
-137
-197
-183
-217
-320
-297
-388
-398
-371
-495
-457
-505
-584
-536
-508
-566
-554
-559
-567
-563
-550
-523
-566
-499
-484
-497
-463
-418
-416
-366
-406
-329
-331
-299
-255
-241
-217
-194
-136
-155
-75
-40
-53
44
40
60
139
72
145
152
157
206
215
239
210
302
278
246
279
274
266
261
305
288
300
366
393
402
378
440
432
389
424
429
382
450
434
394
459
453
460
455
456
451
488
379
380
390
300
344
291
267
245
215
259
209
175
229
210
147
214
140
80
71
-16
-79
-120
-103
-126
-175
-123
-136
-124
-128
-179
-189
-168
-231
-236
-269
-323
-259
-372
-335
-381
-433
-399
-397
-356
-397
-333
-329
-360
-310
-233
-292
-249
-181
-242
-244
-170
-174
-186
-139
-145
-124
-78
-81
-84
-41
-55
-22
-31
-57
17
-14
-75
-54
-121
-107
-131
-75
-67
-100
6
-27
-82
-60
-100
-136
-101
-151
-186
-162
-89
-161
-109
-122
-125
-86
-106
-126
-138
-75
-83
-114
-103
-75
-56
-24
43
55
106
133
86
187
176
198
245
274
186
254
247
190
294
254
257
322
348
338
384
421
404
385
357
357
333
368
365
376
435
396
393
424
374
357
381
317
295
348
276
250
273
191
201
207
126
128
86
83
82
42
97
49
14
9
-13
-80
-106
-102
-129
-130
-134
-128
-143
-94
-113
-107
-165
-198
-173
-234
-194
-213
-237
-250
-210
-216
-266
-285
-264
-287
-296
-307
-312
-312
-339
-306
-354
-372
-348
-384
-351
-335
-405
-365
-385
-400
-376
-376
-387
-396
-415
-450
-436
-401
-451
-400
-356
-367
-333
-302
-283
-308
-289
-260
-210
-240
-139
-123
-101
11
-2
54
74
107
166
188
219
212
218
285
252
275
330
309
345
400
407
422
437
428
493
449
491
515
475
495
487
499
429
451
434
435
445
416
442
391
357
354
357
324
334
288
295
291
228
275
181
112
92
26
29
-75
-115
-102
-176
-155
-160
-184
-181
-165
-206
-188
-167
-206
-218
-242
-279
-278
-289
-318
-215
-245
-240
-191
-239
-219
-166
-227
-209
-168
-225
-195
-192
-199
-183
-178
-178
-185
-119
-134
-124
-136
-105
-163
-180
-107
-214
-182
-205
-243
-255
-254
-244
-277
-236
-193
-228
-230
-137
-187
-175
-161
-133
-110
-81
-46
-80
0
-31
-7
6
84
144
147
162
167
176
193
175
117
164
145
152
161
146
140
125
182
133
107
137
114
166
128
136
136
180
140
154
163
113
159
85
77
77
59
142
134
162
232
162
232
224
177
236
183
208
238
230
208
227
233
189
219
216
222
201
247
249
204
280
231
230
260
192
202
249
252
202
221
194
141
97
100
24
-7
55
-25
-52
-59
-71
-99
-166
-167
-203
-240
-183
-220
-212
-203
-211
-201
-219
-211
-261
-275
-279
-307
-332
-299
-395
-331
-320
-385
-350
-326
-302
-285
-185
-236
-215
-217
-259
-235
-308
-303
-274
-343
-313
-299
-301
-287
-268
-215
-219
-157
-129
-84
-78
-115
-96
-114
