SAMPLES:	11902
BITSPERSAMPLE:	16
CHANNELS:	1
SAMPLERATE:	16000
NORMALIZED:	FALSE
-289
-288
-262
-264
-253
-259
-241
-257
-231
-212
-233
-237
-254
-311
-332
-331
-363
-355
-365
-350
-330
-306
-268
-242
-255
-240
-233
-256
-202
-224
-231
-224
-232
-208
-205
-195
-185
-153
-145
-117
-114
-123
-103
-89
-73
-55
-36
-10
17
-4
23
33
27
51
48
66
84
90
105
72
74
92
89
101
118
131
147
163
160
171
166
184
200
222
216
204
190
153
131
112
102
113
118
130
141
167
155
132
122
83
65
60
60
64
74
69
78
96
108
140
158
170
151
168
182
154
138
151
127
116
153
137
183
200
191
221
236
248
230
228
243
226
250
243
209
226
200
182
181
127
118
85
37
14
-24
-50
-103
-133
-166
-201
-210
-244
-273
-291
-302
-307
-295
-302
-286
-278
-254
-254
-249
-252
-276
-287
-270
-276
-267
-203
-192
-156
-123
-93
-75
-46
-41
-45
-15
-3
0
35
32
47
69
76
81
110
146
142
177
206
208
223
225
219
208
192
245
218
206
236
214
218
227
210
183
201
176
152
153
100
104
58
29
21
-26
-33
-55
-87
-101
-102
-99
-74
-55
-42
-36
-52
-24
-60
-55
-103
-144
-177
-185
-183
-214
-199
-179
-164
-152
-96
-107
-85
-66
-89
-90
-95
-107
-101
-63
-56
-21
25
51
62
83
66
65
63
65
83
31
51
40
9
13
-19
-55
-87
-118
-140
-143
-153
-139
-133
-157
-166
-167
-185
-177
-171
-183
-177
-170
-138
-166
-161
-175
-198
-197
-192
-187
-207
-161
-135
-106
-90
-76
-94
-77
-74
-84
-92
-103
-123
-148
-119
-119
-67
-62
-63
-12
-12
17
8
8
-2
13
21
55
105
132
185
191
228
227
234
217
205
193
186
157
151
140
174
203
180
220
223
245
255
273
304
282
278
296
304
307
305
293
311
303
293
317
277
271
254
229
204
171
162
146
128
105
121
115
119
129
140
139
111
119
82
55
24
-13
-41
-50
-70
-65
-75
-92
-126
-170
-192
-208
-209
-223
-222
-249
-231
-253
-252
-256
-272
-256
-282
-272
-284
-260
-260
-278
-255
-275
-247
-243
-240
-224
-241
-217
-218
-206
-193
-197
-192
-181
-158
-132
-121
-111
-93
-79
-39
-8
6
40
73
52
46
32
0
-12
-13
-21
1
29
40
84
95
77
65
79
100
112
149
138
149
148
135
109
71
23
-6
-21
-35
-41
-27
-5
6
27
13
29
30
49
70
102
104
76
84
33
5
-30
-75
-86
-101
-75
-53
-35
4
4
31
35
26
13
-8
-21
-23
-34
-47
-52
-49
-42
-55
-43
-22
6
-2
-10
-22
-1
-6
-1
45
53
107
142
147
183
194
207
210
208
189
182
201
197
173
173
136
139
118
96
102
77
70
52
68
46
66
56
50
82
71
92
77
76
75
59
48
18
14
-4
15
-8
-11
-11
-13
8
57
43
45
52
23
48
51
77
89
100
77
81
72
43
26
-2
15
34
46
35
43
43
32
21
-12
-4
-22
-12
-27
-37
-51
-95
-101
-155
-154
-188
-177
-173
-182
-188
-186
-191
-214
-203
-224
-240
-263
-245
-226
-186
-178
-130
-125
-132
-122
-144
-134
-147
-161
-183
-168
-152
-144
-124
-119
-106
-89
-26
-14
28
67
60
89
62
45
21
-20
-33
-49
-43
-36
-28
-2
22
20
31
25
7
8
-22
-37
-23
4
20
-2
29
-3
-29
-29
-55
-71
-87
-118
-160
-151
-141
-158
-139
-131
-127
-78
-68
-56
-42
-18
7
21
50
48
54
48
52
57
36
37
5
18
3
18
41
33
59
62
79
89
115
117
124
127
113
144
130
95
97
86
103
120
117
107
76
94
50
31
49
53
58
83
136
147
175
212
191
172
193
199
206
204
184
156
131
106
75
45
18
-10
-16
-27
13
34
11
11
-13
-14
-14
24
28
47
67
35
66
18
-31
-21
-41
-57
-78
-63
-72
-43
-72
-101
-81
-117
-113
-99
-113
-87
-57
-48
-34
-10
40
8
61
73
51
81
90
90
86
104
103
142
159
176
253
265
274
303
265
266
239
216
202
182
169
145
130
91
66
77
58
65
68
60
60
71
53
18
21
5
-1
-5
-25
-26
-55
-74
-109
-135
-156
-184
-197
-221
-250
-298
-306
-335
-365
-380
-415
-401
-412
-414
-395
-387
-413
-408
-410
-385
-384
-364
-344
-357
-326
-300
-287
-272
-256
-258
-243
-226
-230
-198
-149
-170
-144
-132
-151
-140
-149
-133
-147
-168
-135
-151
-109
-84
-80
-57
-61
-8
18
31
55
68
86
106
117
138
120
129
138
139
177
175
195
205
228
231
248
272
298
316
354
369
388
432
408
415
401
378
388
359
331
321
319
290
282
266
257
255
258
284
280
319
324
360
378
371
387
346
297
299
262
238
233
208
210
200
202
156
159
142
117
145
150
179
171
182
182
166
152
128
80
17
-18
-89
-109
-157
-147
-171
-203
-215
-268
-260
-311
-335
-309
-314
-318
-303
-309
-298
-311
-319
-350
-390
-400
-400
-372
-365
-354
-363
-392
-425
-454
-481
-491
-497
-495
-482
-490
-482
-454
-426
-451
-427
-403
-420
-396
-375
-359
-337
-302
-320
-316
-299
-286
-288
-294
-256
-271
-215
-194
-166
-116
-107
-67
-57
-49
-22
-22
-8
-7
6
37
24
68
76
124
131
172
220
273
333
370
399
420
458
494
507
521
562
568
606
644
655
658
652
600
578
542
523
477
441
419
382
350
342
323
322
323
310
306
288
319
290
292
263
266
253
230
212
185
157
127
105
82
101
42
30
33
-13
-57
-149
-166
-207
-254
-256
-248
-223
-204
-158
-172
-160
-142
-156
-151
-188
-195
-206
-243
-220
-181
-162
-135
-106
-138
-119
-153
-198
-195
-213
-215
-233
-232
-236
-221
-217
-212
-231
-249
-217
-171
-167
-131
-109
-131
-90
-144
-153
-140
-154
-150
-141
-111
-105
-90
-69
-80
-92
-74
-80
-78
-53
-18
-31
-20
21
0
6
12
19
27
67
95
76
126
152
172
190
238
243
244
265
276
249
260
225
164
171
130
112
119
113
116
128
155
166
178
179
136
118
70
29
23
-15
-6
-4
-8
-6
-41
-57
-56
-60
-40
-39
-75
-116
-152
-189
-197
-240
-274
-268
-279
-283
-294
-284
-322
-289
-286
-298
-285
-278
-286
-315
-275
-280
-253
-205
-221
-204
-178
-194
-163
-133
-156
-177
-159
-181
-194
-170
-163
-149
-158
-140
-120
-114
-76
-49
-69
-46
-38
-10
57
90
99
140
187
177
220
261
257
270
293
303
258
264
271
222
207
208
187
202
207
253
288
293
295
295
299
269
266
277
268
256
281
252
268
289
277
284
288
302
311
318
306
316
326
319
324
310
298
276
273
238
250
251
226
241
202
190
169
133
91
66
70
67
70
64
85
71
43
46
19
-20
-21
-8
-48
-34
-46
-63
-138
-148
-183
-289
-272
-352
-400
-378
-399
-415
-403
-384
-396
-365
-317
-302
-313
-283
-263
-319
-273
-279
-354
-321
-366
-416
-430
-462
-492
-511
-496
-501
-484
-466
-498
-484
-455
-493
-476
-459
-527
-486
-425
-426
-352
-280
-308
-279
-221
-232
-187
-162
-153
-144
-87
-65
-27
60
53
102
140
137
144
239
198
205
272
238
235
310
338
262
318
295
281
325
337
367
415
445
476
486
464
516
442
422
460
463
461
458
504
494
473
552
508
496
523
515
475
428
443
396
350
393
342
280
329
267
228
264
184
154
164
119
83
126
100
51
90
83
19
96
81
-83
-34
-93
-278
-280
-261
-333
-306
-189
-262
-271
-227
-264
-301
-227
-204
-265
-222
-162
-185
-183
-174
-205
-246
-282
-246
-231
-291
-284
-227
-272
-210
-249
-331
-279
-310
-329
-291
-362
-289
-295
-294
-226
-250
-255
-289
-339
-367
-297
-300
-320
-302
-251
-238
-200
-173
-205
-149
-193
-142
-127
-106
-66
-94
-35
1
44
108
124
154
165
134
155
206
211
201
226
154
169
114
217
145
120
286
176
133
211
243
113
218
237
124
159
252
185
90
223
211
171
196
186
165
194
204
155
228
136
224
261
140
302
373
279
240
351
232
145
203
176
56
109
89
-75
-73
-23
-188
-234
-122
-317
-330
-314
-390
-412
-358
-319
-336
-295
-234
-279
-344
-256
-235
-351
-241
-287
-316
-342
-349
-312
-342
-276
-154
-206
-148
27
-75
-170
-23
51
-197
53
88
-152
-47
151
-74
-163
171
-88
-182
101
231
-96
142
446
76
124
473
260
68
522
351
-10
377
304
-141
179
283
-81
54
301
-15
76
403
192
76
476
378
33
296
348
160
245
416
347
402
378
419
389
409
331
386
294
230
351
142
377
334
426
559
365
464
452
233
243
325
141
277
168
199
50
236
110
29
83
9
-38
59
-57
-147
-26
-290
-269
-348
-435
-465
-471
-517
-678
-443
-586
-738
-430
-704
-594
-578
-438
-628
-778
-452
-727
-931
-514
-592
-992
-445
-415
-708
-530
-383
-678
-609
-209
-512
-635
-32
-412
-476
-254
-275
-638
-285
-221
-270
-424
155
-32
-425
299
134
-414
92
176
-264
49
206
-93
80
384
-70
35
170
330
-47
344
256
234
532
242
350
603
454
271
652
506
445
748
622
676
527
737
580
672
582
861
630
514
665
668
371
329
722
301
175
551
362
122
180
364
213
85
175
230
75
133
-40
204
-224
-33
241
-356
-371
192
-94
-590
194
158
-321
-106
363
-112
-433
225
-36
-622
-121
312
-313
-200
198
203
-623
-42
248
-739
-296
255
-348
-688
384
-309
-762
-185
300
-869
-507
296
-698
-519
-154
-239
-577
-333
-447
-226
-661
-228
-247
-761
-43
-295
-206
-876
72
88
-1178
-258
475
-944
-785
832
-641
-592
304
175
-891
-6
193
-550
-37
95
-140
115
149
-220
89
122
269
87
234
34
716
532
-188
197
514
-155
171
78
129
991
107
405
710
286
391
711
50
456
921
104
321
630
807
-263
564
521
358
236
774
644
33
876
1007
-110
769
1148
84
225
1163
363
-321
868
331
-71
0
916
-560
110
448
-130
250
-275
260
62
-513
-216
604
-759
-807
664
-630
-1467
366
-12
-1915
-90
271
-1647
-582
364
-1136
-729
15
-794
-437
-833
-786
-48
-1118
-1119
220
-756
-1568
392
-347
-1499
-527
449
-1829
-584
165
-1170
-201
11
-667
-226
-70
-1351
593
-377
-865
205
849
-591
25
757
-425
-92
306
-12
-298
678
547
474
292
641
878
430
166
623
658
510
103
1098
401
153
1154
-18
657
608
737
307
891
679
785
37
687
451
-211
831
606
-311
927
723
328
263
840
666
-188
771
1370
-841
271
1902
-822
-596
1516
196
-1482
1053
982
-1235
579
665
-578
-421
1146
-800
-100
571
-704
-368
42
-828
-249
-285
-312
-313
-441
248
-661
-539
-379
-246
-1007
-344
-199
-771
-225
-65
-1018
154
-548
-1222
53
13
-1758
824
-261
-1642
64
-218
-1095
-1040
304
-1255
-858
249
-1114
-550
-166
-1037
-458
1
-1107
-225
91
-678
-226
-692
179
-614
-678
206
-344
-232
-772
1034
-825
-825
1460
-764
-745
1544
-252
-1007
1956
-497
-631
662
597
-814
596
942
-617
743
931
-234
720
536
-22
1651
-332
634
1142
171
590
70
1682
215
79
1672
649
-441
1916
53
418
1214
154
498
812
379
756
519
332
275
589
204
331
378
119
782
607
-166
5
1424
-948
-115
1703
-1144
-377
1567
78
-1166
1502
28
-1363
1688
-769
-426
301
921
-1583
183
1182
-1566
-101
847
-1016
-544
798
-756
-93
-490
325
-1126
-412
386
-914
-555
489
-1097
-441
237
-1057
127
-840
-151
-328
-929
-345
-469
-429
-643
81
-696
-844
-109
-521
-765
-437
346
-1158
-553
1210
-1209
-1079
1807
12
-3298
3416
-982
-1922
1228
968
-1693
-490
1830
-1562
-9
607
22
-1382
873
-373
345
-150
234
510
592
-1345
2056
-347
-882
1740
571
-1660
967
1554
-1354
9
555
610
-673
207
597
231
194
-479
1989
-609
-1600
2842
29
-2370
1983
1860
-3419
1766
1831
-2516
1621
1340
-1496
782
1593
-1610
1095
969
-1725
2141
-145
-1228
998
1271
-2240
500
1604
-2112
576
950
-1232
-44
599
-792
-74
-633
270
109
-1455
-291
1562
-2841
478
1166
-2040
-315
1359
-1359
-1089
1401
-1101
-768
749
-935
482
-160
-717
931
-489
-1708
1540
-180
-2917
2873
-607
-2285
1166
1046
-2519
438
1642
-1638
-380
1816
-1056
-304
1169
-725
529
492
-756
1053
756
-1747
1922
3
-1623
2217
-510
-982
1626
-118
-500
1460
-990
768
774
-97
-319
708
526
566
-1302
1389
965
-1805
1315
724
-1301
270
2583
-2610
426
2527
-1129
-904
2099
-234
-1519
1722
-263
-86
-322
1231
-983
71
333
706
-1542
344
991
-435
-997
1285
422
-2366
3192
-1359
-1332
1377
810
-1952
-117
2141
-2113
-379
1013
-527
-818
487
936
-1721
758
540
-61
-1991
1765
254
-2742
1807
179
-1495
550
399
-309
-722
332
1242
-2203
756
1192
-1008
-827
1767
-1249
-145
602
-217
-1053
592
422
-1900
1052
-772
-781
1225
-417
-1884
2195
-1206
-1184
2379
-1634
-934
2331
-1749
-668
1284
-1688
1231
34
-636
405
627
-1357
1031
1064
-2607
2089
-205
-851
-1236
2795
-2228
-1043
2996
-1872
-925
1856
175
-1820
1851
513
-2630
2661
-128
-2285
2027
479
-2361
1079
1047
-1689
781
728
-581
-1073
2552
-2175
-694
1986
-1727
-574
2695
-2881
1705
1141
-2044
2035
-212
-530
814
1011
-1465
1081
676
-816
-95
2007
-2360
1728
475
-1923
2373
-318
-1737
2884
-847
-1786
2799
-876
-1093
673
1928
-3325
1383
2662
-4236
1485
2697
-3450
1276
2497
-2529
982
2221
-1555
-476
2758
-1099
-1808
3589
-434
-2640
4004
-488
-2487
3206
-551
-1367
1591
991
-1784
1228
696
-376
-405
813
-53
-306
134
-167
1180
-1879
815
1224
-2071
-344
2787
-2907
-391
2772
-2549
-1393
3709
-3017
-1376
3425
-2575
-1751
2892
-1178
-3438
3617
-1194
-2716
2236
-648
-1879
1329
-114
-2665
1502
-99
-2482
380
1322
-3694
1901
468
-2963
1852
-237
-1724
305
-913
-195
-671
-300
-677
75
-805
-45
-1540
563
-352
-1833
1210
-1792
384
-604
-822
130
-51
-731
962
-786
64
475
-618
1173
-1086
554
595
525
-1533
1895
161
-1752
1289
1310
-2364
1483
1918
-2204
1229
1857
-1420
977
1140
177
82
1035
113
863
651
-273
2004
540
-1762
3113
-20
-1998
3350
-232
-2173
4526
-2392
528
2739
-2101
1765
-214
1386
-1052
813
1408
-1093
893
374
-237
-67
882
93
-889
572
1429
-1241
-1381
4063
-2874
-1259
4873
-3023
-880
3296
-1449
-1124
1478
220
-1791
1571
-803
-656
1922
-1478
-1335
3432
-2331
-1655
3867
-2114
-1779
2669
-191
-2498
2504
-526
-654
678
-710
1094
-1327
78
422
190
-1934
2100
-935
-2509
2354
-905
-2494
1863
-278
-2252
976
598
-1712
-329
485
349
-2409
563
1576
-3474
539
892
-1771
-920
1933
-2340
-544
1400
-894
-1552
654
-119
-1936
1938
-2955
990
160
-801
-1495
2518
-1555
-1527
2541
-2132
-205
567
-83
-1076
659
95
-711
269
-46
-271
1158
-2056
1985
-1047
898
-161
-424
1316
-1460
1497
-1135
1283
-153
-247
1235
-2027
3081
-1369
-700
2784
-1420
-376
2206
-161
-1857
4163
-1176
-1607
5034
-2632
296
2904
-1002
-723
3036
-454
-896
2164
-382
556
229
26
2279
-1386
633
2557
-1542
-37
1988
321
-2593
3771
-1044
-1081
1688
529
-1601
1321
747
-1303
1772
-1320
422
1134
-1993
660
979
-2226
-348
2116
-2641
-1627
3629
-3437
-1675
3484
-3036
-690
1655
-1816
-902
561
-187
-1747
792
-797
-1366
383
-235
-2099
685
707
-2851
1489
-692
-1574
962
-1651
1613
-2857
1197
420
-2292
602
319
-1348
-576
738
-1109
398
-1329
1821
-2052
220
824
-2216
2082
-1649
195
1246
-1655
644
621
-1271
1012
-703
1094
-975
1254
8
-145
526
14
862
-869
1096
-309
-17
130
758
-414
739
815
-1650
2969
-1229
-700
3753
-2308
1090
2425
-1673
1347
987
508
-793
1452
563
-601
990
270
722
-650
2022
-1761
1069
1676
-2775
2950
-71
-1614
1939
282
-1657
1625
-8
-344
176
-1132
2037
-2007
464
1032
-1019
772
919
-1527
504
1650
-2359
-113
2171
-2362
-400
2784
-2353
-406
1684
-461
-2252
2369
-461
-1762
2092
-476
-1677
1013
799
-3868
2867
-1149
-1651
462
721
-1826
50
-388
414
-2419
365
1005
-4512
3645
-2325
-1696
1173
-1
-2932
1416
1211
-3449
1441
54
-861
-1430
2111
-1656
-1737
3437
-2750
-437
2236
-1910
-484
2402
-2234
-157
1782
-1209
-858
2460
-1160
-102
708
1030
-1443
1198
421
-362
-474
1509
929
-2272
3300
-224
-795
2145
-451
117
1570
-526
228
2225
-1204
1282
13
394
1688
-1484
1894
927
-1156
2520
92
-389
2048
-188
223
1082
468
646
397
1017
191
541
1187
-158
922
482
214
539
969
-750
1144
774
-914
334
1347
-2045
255
1062
-1834
307
1214
-1857
240
1602
-1999
97
502
-1584
-3
-285
-724
-1314
-538
39
-2683
369
50
-3348
1220
-376
-2484
25
239
-1628
-1510
976
-1741
-1175
-14
-296
-2192
-26
276
-2787
956
-451
-1039
-1849
2132
-2482
-1583
2916
-3206
-671
2345
-2653
-1599
3107
-2381
-902
1717
-821
-696
494
871
-1977
957
919
-2522
1708
160
-1170
-19
1883
-1428
-800
3101
-1815
-842
3276
-985
-2153
4498
-1933
-975
3096
-830
-769
2568
86
-1419
2866
-485
533
542
2045
-1758
1930
1657
-1391
1535
2071
-933
987
2117
-39
-564
3303
-452
-1391
4254
-1581
141
2189
447
-812
2124
259
137
248
1414
417
-444
2091
-240
-669
1347
1073
-2091
1927
124
-263
-398
1909
-1273
-480
2131
-1650
-932
1870
-1110
-2075
1975
-584
-1917
260
1111
-2689
772
802
-2165
-332
882
-979
-1579
880
-211
-1379
-731
354
-1046
-1577
842
-1475
-641
-266
-261
-1170
-981
512
-1726
-768
-47
-868
-1347
-545
-212
-1095
-1161
-336
-349
-1974
937
-1171
-1478
992
-1644
-973
1177
-1765
-650
1259
-1167
-728
833
459
-1420
903
1159
-1746
975
1110
-580
-261
1345
-190
-423
948
580
-497
794
1684
-960
694
2327
-1625
1210
1615
-604
926
1145
463
472
1842
-556
1595
1110
-587
1844
1404
-1167
1964
1120
-317
876
1601
139
706
333
1471
-361
302
1243
-15
-357
1088
951
-770
566
707
-182
-183
733
-441
-86
515
-647
181
-316
38
486
-1086
311
637
-1096
199
43
-169
-643
-643
539
-1126
93
-938
655
-1549
-302
195
-595
-1398
24
840
-3093
472
611
-2770
-84
689
-2296
-987
1790
-2873
-376
1246
-2558
-11
155
-1817
-191
-245
-558
-1361
499
-429
-1338
288
125
-1420
-441
1342
-2457
77
1286
-2074
23
1086
-938
-932
1940
-899
-560
1258
-603
-631
274
445
-1185
1322
-354
-1110
1515
-534
-801
1244
-5
-220
727
1151
-689
638
949
-309
971
412
613
274
305
1346
-170
702
1196
-434
1385
705
66
1043
904
338
967
805
534
1018
80
1292
25
1008
1186
-247
1163
675
741
-66
876
658
-104
1068
504
244
-42
1314
-77
-495
1120
400
-1365
1527
-160
-1106
620
-140
-544
89
177
-640
-398
102
-604
-93
-86
-907
143
-970
-341
-328
-461
-698
87
-751
-627
-254
-961
-538
-877
-69
-1266
-334
-793
-425
-784
-1141
-486
-1201
-1060
-767
-109
-1662
-323
-845
-1091
-733
-1106
-273
-1114
-194
-686
-574
-251
-575
-48
-731
-619
275
-1111
-370
383
-1132
258
-329
-80
-153
-45
574
-489
658
-82
557
617
-370
889
467
263
-66
1488
-66
338
1406
-220
1447
306
958
1195
768
662
1097
604
393
1037
160
863
328
735
684
145
787
677
299
404
1183
65
504
1289
-103
793
989
-212
882
137
917
72
51
1487
-605
424
1117
-836
806
462
-375
580
-264
-62
565
-1042
546
157
-966
507
-304
-304
11
-295
-259
-783
-97
-506
-493
168
-879
-216
-88
-566
-385
-108
-294
-365
-209
-446
-173
-853
-172
-83
-921
-93
-61
-681
-388
-235
-592
-428
-302
-868
80
-611
-850
-171
-478
-641
-199
-335
-884
-117
-499
-550
-17
-688
-32
-301
76
-5
-720
549
-500
-205
548
-368
-243
216
-527
-92
-13
53
17
-241
701
-395
137
725
-179
440
594
157
33
352
105
-162
444
522
163
368
426
605
302
539
998
21
736
895
30
803
754
213
939
887
-384
927
918
-522
703
664
-880
405
632
-779
-51
96
-754
-467
182
-1048
32
-425
-665
262
-982
-360
-17
-496
-579
187
-36
-950
700
163
-689
688
296
-427
415
467
203
271
524
11
33
289
-177
-69
122
-67
-333
625
-358
-355
676
-539
-251
359
-566
-39
-59
-288
-188
-711
-760
-1202
-1005
-851
-1273
-752
-1494
-1126
-924
-820
-960
-786
-762
-1243
-352
-763
-851
-90
-299
-237
-17
180
-259
429
1009
701
989
1362
881
849
1795
1168
1371
1888
1463
1284
1784
1468
1276
1788
1100
1511
1149
1017
824
657
606
969
877
337
989
75
311
812
225
1065
95
706
573
1
1013
522
-246
38
-734
-997
-463
-886
-705
-1949
-1498
-1606
-1975
-1339
-1464
-1810
-2038
-1915
-2466
-2513
-2268
-2507
-2108
-2188
-2155
-1783
-2028
-1144
-796
-1008
-338
71
-587
184
913
336
1128
1271
1202
1520
1708
1626
2212
2139
2027
2467
2016
1892
1951
1997
1738
1692
2076
1603
1671
1495
1509
1561
1743
1307
1322
1189
552
1193
1132
607
771
710
802
394
312
393
-858
-766
-832
-1649
-1768
-2363
-3518
-4031
-3957
-4297
-4351
-4318
-5214
-4868
-5074
-4802
-3983
-4335
-3957
-3782
-3291
-2622
-2346
-1413
-719
-117
836
1520
1818
2565
2732
3747
4558
3767
4187
3834
3398
4042
3532
3014
2611
1596
1274
1108
703
-174
-483
-602
-1732
-1215
-1453
-1655
-955
-805
-454
14
284
716
1495
2743
2551
3574
3830
3604
4961
5070
5293
5879
6074
5361
6261
5702
4650
5599
4788
3371
3878
3150
1651
1928
1173
383
439
-565
-1701
-2648
-4353
-4659
-4994
-5515
-6895
-8469
-9342
-8462
-7752
-8963
-8063
-7940
-7993
-7058
-6448
-5101
-4973
-4471
-3230
-2603
-1639
-537
351
967
2538
3213
3687
4024
4386
4811
4961
5266
4946
3972
3335
2829
2476
1660
1057
-202
-1547
-1818
-2854
-3138
-3779
-4846
-5264
-4885
-5696
-5407
-3902
-4509
-3077
-1742
-1374
-392
1428
3050
3449
4270
5476
6035
6687
7809
8526
8353
8614
8811
8722
9155
8534
8364
7645
6903
6481
5792
4736
3848
2921
2106
1565
562
-555
-1444
-2062
-2360
-3209
-3575
-4094
-4724
-4635
-4359
-4588
-3976
-3838
-5197
-6095
-6457
-5427
-5305
-6643
-7279
-7282
-6876
-7340
-7335
-6019
-5971
-5962
-6048
-5291
-4930
-4559
-3541
-3030
-2190
-1786
-1352
-458
719
2081
3238
3718
4342
4756
5100
5371
6210
6544
5541
5255
5183
4237
3603
4035
2574
1490
1221
25
-666
-1282
-2499
-3148
-3037
-3703
-3359
-3761
-4779
-3403
-1847
-1539
-1072
-433
-327
602
2306
2554
3336
3624
4109
5096
5367
6169
6538
6957
6986
7496
7059
6412
6412
5879
5654
5322
4095
2688
2352
1676
388
59
-1145
-2248
-2580
-3248
-3993
-3658
-4476
-5137
-4513
-4490
-5220
-4761
-3449
-4378
-5753
-5422
-4868
-5232
-5342
-5803
-5775
-5989
-5610
-6055
-5837
-4410
-4705
-4792
-4213
-3849
-3520
-3040
-2226
-1738
-1354
-888
-54
731
1771
2876
3220
3984
4659
4681
5361
5997
6219
6238
6049
5785
5054
5095
4604
4016
3577
2349
1480
1156
85
-559
-705
-1885
-3284
-4118
-3962
-4329
-4088
-3208
-3354
-4082
-3744
-2255
-1163
-772
-93
775
170
969
2946
3410
3758
4370
4529
4792
5153
5843
5927
6015
5852
5317
4502
3823
3802
3299
2685
2243
807
-565
-702
-1408
-1924
-2057
-3135
-3964
-4422
-4865
-4505
-4288
-4119
-4046
-3626
-3829
-3538
-2388
-2744
-2917
-2268
-2517
-3219
-3943
-3469
-2705
-2758
-3125
-3147
-3441
-3246
-2543
-2271
-2065
-2307
-2215
-2110
-1533
-505
247
348
797
1995
2244
3135
3989
4734
4959
5538
5917
5669
5460
5639
5384
4821
4494
3389
2831
1829
1106
671
-164
-1589
-2653
-2952
-4290
-4498
-5146
-6191
-5924
-6609
-6704
-5525
-4671
-5613
-5753
-3862
-2564
-2385
-1277
-52
-131
502
2381
3963
3253
4282
4913
5193
6157
6557
7091
7006
7054
7291
7263
6507
5915
5947
5303
4769
4322
2879
1886
1628
821
-8
-621
-1782
-2759
-3098
-3069
-3543
-4065
-3862
-4521
-4623
-4184
-3917
-3758
-3707
-4026
-4497
-3544
-3484
-4358
-4672
-3841
-3335
-3536
-3494
-3042
-2462
-2117
-1749
-1029
-992
-1411
-1133
-515
-608
472
845
854
1175
2006
2348
2372
3379
3483
3111
3445
3160
3204
2829
2347
2401
1134
597
294
-866
-1028
-1519
-2644
-2542
-3536
-3944
-4064
-4777
-4920
-4620
-4464
-4594
-3671
-3414
-3013
-2287
-1690
-567
215
583
1300
2060
2252
3211
4049
4494
4531
5039
5368
5424
6101
5943
5854
5990
5855
5358
5578
4822
4191
4237
3079
2712
1946
706
507
-257
-961
-1479
-2428
-3026
-3209
-3708
-3695
-3775
-4217
-4000
-4014
-3363
-3085
-2596
-1986
-1807
-947
-548
-387
412
591
945
1330
691
1098
1627
1173
1130
968
612
519
258
-483
-552
-776
-2074
-2245
-2591
-3151
-2997
-3458
-3992
-3823
-3678
-3652
-3297
-3129
-3070
-3150
-2633
-1970
-1756
-1309
-978
-1059
-696
-334
-12
203
51
502
664
682
667
721
1427
902
896
1879
1868
1739
2202
2622
2528
2946
3069
2896
2991
2801
2936
3133
3049
2612
2471
2779
2596
2681
2817
2295
2195
2277
2024
1917
1760
1140
709
432
-410
-744
-1127
-1622
-1987
-2193
-2801
-2832
-2888
-3031
-2803
-2788
-2360
-2933
-2177
-1708
-1824
-1125
-834
-816
-444
374
614
1189
1383
1222
1933
2303
2119
2598
2651
2486
2543
2426
2322
1713
1660
1503
1138
542
112
-565
-1316
-1379
-1636
-2260
-2966
-3235
-3695
-3804
-3839
-4020
-3963
-4212
-4267
-3885
-3782
-3770
-3129
-3233
-3154
-2447
-1970
-1818
-1246
-875
-489
-144
285
676
887
751
1105
1498
1123
1365
1565
1617
1480
1863
2129
1775
2267
2088
2592
2832
2768
3212
3406
3317
3871
4250
3666
4198
4363
3780
4176
4029
3352
3523
3013
2107
2361
1935
957
1332
856
-225
-241
-1078
-1502
-1577
-2390
-2632
-2695
-3477
-3630
-3310
-3908
-3864
-3599
-4057
-4073
-3467
-3324
-3461
-3021
-3040
-2806
-2323
-2086
-1115
-1214
-951
-115
311
701
1100
1328
1508
1744
2068
2058
2253
2649
2266
2126
2200
1837
1603
1447
1159
727
112
-174
-915
-1038
-1049
-1633
-1628
-2022
-2325
-2283
-2346
-2109
-2220
-1875
-2205
-1822
-1240
-1591
-894
-655
-1061
-494
-455
-751
-424
-406
-357
-253
-250
-68
129
7
505
723
762
1001
1142
1317
1935
1972
1980
2454
2407
2423
2526
2712
2522
2478
2740
2307
2705
2599
2088
2128
1959
1595
1336
1488
891
978
722
108
415
-198
-476
-389
-719
-866
-991
-1000
-1223
-1051
-876
-870
-571
-832
-432
-161
11
378
396
390
637
739
930
1124
701
582
743
546
374
364
169
-217
-280
-366
-1177
-996
-1269
-1893
-1945
-2243
-3045
-3220
-3211
-3895
-3769
-3800
-4242
-4063
-3903
-3906
-3623
-3096
-3093
-2794
-2250
-1953
-1245
-989
-615
-184
262
456
773
1072
1073
1296
1270
1438
1742
1411
1291
1356
1338
1395
1101
1183
1008
889
965
1047
849
652
820
560
605
629
565
377
563
648
507
991
919
848
1190
1203
1414
1794
1771
1685
1787
2149
2076
2353
2693
2589
2697
2826
2810
2870
3051
3061
3091
3166
2912
2729
2634
2675
2283
2230
1858
1212
1014
625
691
227
-241
-585
-1046
-1668
-2012
-2221
-2949
-3121
-3731
-3952
-4003
-4571
-4600
-4455
-4936
-4921
-4581
-4876
-4766
-4131
-4269
-4139
-3442
-3567
-3291
-2618
-2389
-1836
-1266
-849
-443
378
838
1332
1993
2361
2610
2839
3228
3117
3276
3181
2806
2861
2482
2101
1783
1325
860
291
-118
-613
-1001
-1671
-1854
-2044
-2631
-2518
-2588
-2914
-2887
-2650
-2856
-2540
-2132
-1985
-1414
-926
-577
70
540
695
1643
1938
2246
3051
3315
3559
3869
4013
4019
4341
4443
4137
4238
4043
3558
3751
3581
3011
3079
2604
2118
2156
1815
1167
1117
804
355
208
-86
-238
-369
-640
-767
-999
-1458
-1679
-1960
-2259
-1993
-2342
-2880
-2650
-2990
-3315
-3079
-3109
-3295
-3107
-3025
-2980
-2537
-2613
-2457
-2000
-1935
-1558
-1250
-1024
-614
-180
225
699
985
1257
1443
1735
1956
2030
2071
1860
1809
1649
1637
1417
1229
1169
623
524
406
1
-383
-479
-779
-1222
-1270
-1489
-1908
-1692
-1999
-2158
-2127
-2190
-2094
-1920
-1714
-1866
-1628
-1408
-1236
-900
-446
-162
38
458
655
789
1114
1461
1745
1769
2119
2239
2308
2634
2498
2422
2559
2234
2093
2379
2078
1752
1871
1419
1262
1083
834
648
181
53
-359
-591
-759
-1273
-1368
-1683
-1734
-2062
-2174
-2177
-2490
-2438
-2437
-2373
-2614
-2361
-2297
-2340
-1808
-1704
-1322
-817
-437
-161
384
733
1043
1917
2044
2280
3042
3233
3553
4109
4307
4290
4589
4442
4364
4320
3900
3637
3366
2704
2090
1755
1136
349
21
-660
-1404
-1743
-2293
-2894
-3110
-3568
-3872
-3893
-4290
-4086
-4095
-4193
-4033
-3860
-3500
-3365
-3048
-2448
-2321
-1894
-1438
-1266
-724
-300
18
264
668
879
1000
1402
1513
1527
1586
1775
1612
1510
1618
1339
1205
1278
901
744
704
303
96
100
-358
-645
-843
-1234
-1416
-1632
-1755
-1980
-2147
-2226
-2338
-2312
-2420
-2377
-2191
-2041
-2471
-2108
-2153
-2228
-1646
-1592
-1596
-1192
-875
-1042
-131
376
263
984
1426
1559
2143
2612
2844
3392
3698
3804
4337
4483
4448
4936
4941
4691
4841
4852
4577
4463
4316
4091
3801
3414
3148
2868
2629
2403
1915
1394
1106
605
143
-63
-483
-1015
-1319
-1586
-1848
-2125
-2221
-2283
-2216
-2275
-2154
-1897
-1791
-1655
-1431
-1316
-1291
-926
-773
-607
-148
-150
132
264
288
398
461
412
195
222
-125
-500
-555
-993
-1381
-1797
-2239
-2806
-3265
-3469
-4146
-4337
-4803
-5317
-5562
-5800
-5885
-6039
-5995
-6000
-5928
-5669
-5462
-4968
-4477
-4074
-3478
-2867
-2300
-1620
-859
-213
592
1220
1770
2453
3017
3521
3997
4403
4749
5045
5108
5326
5340
5155
5258
5087
4769
4695
4398
4027
3991
3489
3061
2779
2493
2194
1928
1886
1446
1386
1292
1006
836
982
808
788
1013
728
835
925
931
948
1233
1140
1287
1490
1626
1857
1797
1954
2131
2074
2015
2140
2157
2089
1961
1930
1722
1495
1358
888
699
254
-246
-501
-1027
-1466
-1919
-2562
-2668
-3130
-3681
-4003
-4419
-4772
-5020
-5243
-5450
-5532
-5854
-5814
-5720
-5934
-5527
-5451
-5374
-5047
-4746
-4522
-3957
-3466
-3185
-2542
-2040
-1638
-998
-553
-15
653
952
1564
2043
2312
2721
3111
3306
3423
3644
3658
3626
3638
3759
3518
3341
3153
2818
2707
2415
2193
1925
1578
1248
953
802
485
292
62
-118
-257
-318
-478
-485
-367
-513
-350
-251
-163
-19
136
178
399
661
826
982
1355
1240
1387
1824
1654
1852
2227
2163
2328
2621
2467
2508
2733
2566
2474
2555
2238
2243
2193
1937
1903
1750
1338
1089
743
255
85
-480
-775
-1021
-1459
-1815
-1888
-2128
-2650
-2693
-2995
-3330
-3456
-3670
-3940
-4014
-4173
-4316
-4175
-4359
-4198
-4014
-3959
-3711
-3511
-3242
-3114
-2879
-2577
-2311
-2098
-1687
-1379
-1250
-925
-577
-472
-48
343
474
883
1048
1277
1568
1649
1757
2008
1948
1870
2121
1934
1893
1962
1759
1660
1593
1511
1379
1410
1238
1173
1159
1076
1139
1026
853
830
895
792
868
921
774
947
963
963
1053
987
999
904
935
938
1019
1186
1087
1180
1205
1160
1180
1267
1396
1425
1574
1613
1535
1667
1634
1698
1802
1696
1636
1524
1360
1348
1116
822
613
66
-43
-241
-668
-790
-1179
-1520
-1712
-2125
-2427
-2516
-2801
-2945
-3026
-3144
-3230
-3398
-3354
-3352
-3245
-3031
-2994
-2764
-2680
-2524
-2354
-2362
-2075
-1918
-1820
-1516
-1330
-1140
-1121
-789
-770
-863
-424
-603
-594
-323
-345
-311
-169
-256
-204
-100
-74
-13
241
297
319
546
779
950
1080
1274
1523
1630
1860
1975
2149
2311
2377
2643
2624
2691
2724
2739
2806
2658
2554
2623
2345
2158
2098
1918
1712
1525
1287
1148
1050
772
557
439
274
52
15
-197
-395
-450
-364
-400
-303
-354
-289
-255
-162
43
2
55
138
205
223
309
278
221
182
147
8
-24
-178
-239
-296
-443
-636
-859
-1036
-1237
-1438
-1702
-1813
-2038
-2286
-2422
-2613
-2607
-2678
-2911
-2842
-2894
-2929
-2678
-2764
-2667
-2518
-2470
-2340
-2063
-1893
-1751
-1572
-1465
-1186
-1048
-879
-531
-457
-146
102
319
611
719
1068
1173
1290
1409
1564
1695
1810
2005
2040
2033
2121
2178
2281
2333
2433
2424
2485
2468
2416
2462
2427
2262
2165
2086
1803
1959
1684
1438
1483
1182
968
840
543
354
336
196
115
80
-63
-160
-57
-204
-190
-209
-119
-152
-23
244
200
212
283
171
128
169
-122
-145
-168
-383
-491
-532
-715
-711
-797
-763
-839
-956
-991
-1182
-1181
-1226
-1262
-1376
-1519
-1531
-1545
-1582
-1504
-1622
-1647
-1704
-1778
-1670
-1614
-1672
-1700
-1649
-1635
-1531
-1498
-1336
-1361
-1244
-1127
-1150
-971
-930
-894
-874
-852
-792
-753
-697
-539
-309
-253
-10
348
531
791
1046
1239
1435
1672
1774
1919
2052
2120
2190
2312
2286
2382
2412
2357
2310
2220
2168
2139
1951
1879
1753
1496
1549
1255
1185
1072
900
817
803
738
543
547
396
320
316
228
238
368
218
222
457
300
209
427
365
293
332
412
330
263
225
92
70
-139
-193
-261
-472
-574
-764
-1038
-1202
-1490
-1735
-1818
-2019
-2161
-2224
-2361
-2453
-2450
-2649
-2619
-2643
-2771
-2637
-2577
-2636
-2462
-2372
-2282
-2141
-2163
-1976
-1781
-1724
-1532
-1310
-1315
-1103
-891
-831
-533
-366
-295
-27
179
322
538
751
849
1015
1208
1376
1534
1662
1762
1971
2070
2174
2314
2310
2307
2388
2362
2455
2500
2436
2487
2528
2470
2352
2295
2125
1986
1784
1606
1417
1210
1064
774
640
379
230
18
-132
-286
-441
-482
-619
-626
-665
-705
-719
-639
-760
-696
-623
-625
-478
-369
-220
-221
-50
-115
-168
-60
-145
-48
-31
-53
-66
59
-28
-156
-97
-202
-445
-395
-489
-638
-692
-861
-969
-1142
-1284
-1376
-1363
-1485
-1501
-1519
-1496
-1488
-1464
-1337
-1391
-1217
-1154
-1165
-980
-972
-1031
-862
-833
-784
-612
-630
-458
-402
-258
-104
32
239
300
458
694
898
1051
1281
1357
1425
1511
1612
1628
1638
1615
1632
1553
1587
1536
1484
1487
1368
1380
1242
1057
877
608
460
238
-80
-106
-324
-437
-565
-618
-713
-793
-834
-940
-863
-902
-835
-814
-841
-864
-797
-684
-594
-531
-491
-384
-185
-95
-16
135
176
205
336
396
347
414
326
262
316
212
84
64
-48
-148
-299
-380
-498
-599
-587
-632
-678
-700
-674
-691
-632
-533
-496
-366
-248
-230
-151
-169
-95
-95
-1
25
34
113
196
215
279
420
369
451
488
519
544
640
799
815
929
1035
1071
1217
1298
1266
1282
1323
1239
1230
1355
1249
1250
1319
1152
1188
1155
966
984
806
657
446
228
-7
-299
-509
-780
-990
-1272
-1442
-1598
-1596
-1690
-1748
-1685
-1810
-1827
-1621
-1591
-1449
-1242
-1194
-977
-788
-690
-486
-339
-319
-151
-38
44
191
343
352
377
439
292
303
247
170
190
63
-18
-171
-350
-504
-617
-832
-1097
-1206
-1319
-1480
-1491
-1508
-1639
-1566
-1554
-1581
-1340
-1196
-1224
-1053
-902
-815
-625
-325
-141
123
504
614
948
1284
1331
1661
1882
2017
2246
2349
2499
2575
2643
2716
2703
2675
2683
2606
2530
2434
2264
2148
1987
1795
1515
1325
1057
809
586
251
-77
-286
-526
-813
-998
-1238
-1475
-1605
-1710
-1917
-1950
-1972
-2056
-1958
-1903
-1894
-1679
-1589
-1487
-1356
-1194
-1076
-912
-808
-601
-363
-276
0
137
288
456
655
708
785
953
991
1081
1032
958
915
730
587
448
252
119
-5
-241
-346
-488
-641
-760
-896
-980
-1112
-1136
-1150
-1159
-1168
-1120
-1097
-1046
-941
-885
-774
-737
-665
-455
-408
-319
-219
-71
-22
213
434
476
643
750
828
931
1029
1042
1050
1067
1058
960
973
1003
931
1019
970
982
1037
1009
1036
1113
1032
1076
1147
1042
1126
1000
877
766
600
466
375
193
56
-57
-256
-409
-559
-765
-981
-1104
-1284
-1425
-1484
-1585
-1611
-1635
-1677
-1582
-1491
-1416
-1233
-1028
-953
-813
-650
-520
-407
-215
-54
20
206
264
377
433
464
515
535
535
525
544
465
441
505
385
334
300
161
45
-28
-96
-221
-263
-320
-282
-255
-212
-150
-65
-51
-16
21
-11
-19
1
-11
5
80
133
139
185
160
120
181
119
156
275
215
355
374
350
376
312
326
404
422
487
623
565
651
629
516
480
391
319
255
332
259
286
355
225
333
311
272
281
302
285
231
219
104
22
-143
-259
-470
-562
-706
-895
-914
-929
-1023
-1067
-1102
-1146
-1093
-1091
-1055
-978
-953
-848
-806
-771
-680
-672
-640
-562
-493
-387
-324
-258
-144
-17
81
181
221
291
373
428
499
504
574
576
627
697
730
722
682
607
568
582
553
488
566
587
576
747
626
622
583
464
492
499
475
531
582
552
547
540
567
524
532
470
509
540
383
361
327
189
79
21
-49
-70
-175
-172
-254
-398
-348
-467
-493
-494
-482
-434
-397
-410
-387
-423
-443
-417
-486
-451
-452
-484
-461
-556
-565
-569
-651
-570
-570
-580
-595
-552
-549
-611
-618
-660
-725
-722
-709
-765
-789
-845
-865
-874
-847
-869
-866
-793
-756
-719
-747
-651
-597
-541
-452
-338
-174
-90
70
132
145
168
174
271
420
503
638
728
756
833
761
862
963
947
1072
1206
1246
1310
1328
1276
1234
1230
1108
1092
1140
1058
978
953
763
638
535
348
332
261
217
144
101
69
3
66
92
135
140
234
281
370
406
426
496
527
523
556
566
536
601
574
599
636
607
602
620
510
433
451
331
156
117
-14
-123
-291
-410
-554
-566
-587
-718
-827
-950
-1086
-1245
-1354
-1415
-1535
-1585
-1559
-1553
-1512
-1502
-1492
-1452
-1399
-1415
-1253
-1154
-1201
-1060
-1051
-1028
-913
-842
-763
-740
-696
-626
-584
-531
-447
-381
-325
-238
-230
-87
-57
-38
110
155
132
186
226
186
271
245
234
224
184
200
242
292
331
316
256
251
192
125
56
49
38
-49
-106
-123
-184
-205
-124
-161
-96
-19
91
244
323
496
686
839
977
1169
1331
1502
1684
1855
2001
2117
2283
2408
2517
2563
2598
2542
2463
2326
2176
2104
2007
1816
1665
1436
1258
1088
860
617
402
161
-51
-229
-384
-608
-771
-986
-1218
-1309
-1459
-1576
-1564
-1564
-1686
-1615
-1637
-1626
-1552
-1445
-1373
-1253
-1164
-1052
-868
-773
-725
-660
-636
-656
-660
-696
-743
-853
-872
-998
-1218
-1271
-1362
-1466
-1515
-1529
-1547
-1538
-1502
-1512
-1415
-1346
-1223
-1120
-1077
-994
-866
-765
-670
-554
-469
-358
-218
-104
26
162
297
359
522
582
617
789
770
768
836
929
954
1014
1092
1171
1236
1296
1304
1281
1250
1177
1118
1099
1022
954
977
969
937
944
898
818
777
762
630
563
546
506
444
463
416
331
279
164
88
88
57
50
43
58
106
126
190
163
181
159
139
142
102
81
70
41
7
-50
-54
-59
-100
-111
-91
-164
-134
-167
-264
-257
-261
-402
-407
-396
-491
-454
-458
-530
-600
-598
-688
-681
-700
-789
-809
-830
-793
-783
-711
-646
-630
-492
-392
-301
-175
-82
-69
10
3
20
99
110
169
211
218
310
363
385
462
463
482
527
544
549
508
412
310
183
132
133
91
125
58
-3
41
18
-30
-118
-149
-248
-290
-306
-398
-391
-430
-430
-397
-404
-406
-445
-444
-388
-433
-374
-354
-306
-250
-218
-219
-224
-120
-150
-148
-72
-37
45
214
287
390
511
599
669
723
774
753
761
767
693
628
594
517
504
486
380
300
241
184
111
47
-7
-149
-222
-298
-428
-482
-598
-653
-744
-790
-791
-808
-782
-745
-754
-715
-627
-615
-447
-401
-343
-226
-144
-21
118
272
376
516
552
613
735
787
806
852
997
996
1101
1189
1219
1309
1256
1310
1305
1274
1251
1125
1065
951
788
641
499
294
59
-85
-267
-449
-596
-727
-916
-991
-1046
-1217
-1343
-1392
-1514
-1539
-1551
-1557
-1491
-1413
-1318
-1222
-1116
-1010
-915
-875
-749
-635
-539
-361
-300
-220
-140
-99
-5
113
144
153
173
183
219
191
206
160
182
158
13
-14
-79
-110
-139
-234
-297
-353
-394
-438
-482
-491
-593
-581
-522
-506
-411
-324
-185
-56
12
118
205
363
480
568
693
757
876
1043
1146
1298
1475
1618
1759
1904
1981
2050
2149
2086
2082
2010
1912
1853
1773
1642
1554
1501
1393
1314
1172
1023
915
806
691
539
402
199
-1
-125
-300
-354
-411
-541
-534
-623
-711
-798
-916
-1021
-1149
-1307
-1373
-1468
-1514
-1559
-1614
-1635
-1703
-1720
-1754
-1789
-1797
-1769
-1745
-1672
-1687
-1666
-1607
-1650
-1656
-1614
-1598
-1633
-1565
-1540
-1479
-1324
-1275
-1219
-1166
-1117
-1006
-990
-896
-785
-738
-646
-532
-496
-372
-246
-231
-144
-46
28
91
145
236
343
426
535
667
780
889
1057
1155
1343
1482
1609
1809
1836
1954
2005
2061
2095
2094
2130
2010
1993
2011
1916
1865
1804
1675
1604
1473
1364
1236
1144
1071
943
809
720
643
609
573
500
487
437
400
365
399
335
324
354
277
247
239
251
168
183
119
28
8
-25
-76
-193
-294
-478
-646
-789
-975
-1069
-1161
-1284
-1301
-1337
-1343
-1312
-1341
-1361
-1358
-1375
-1302
-1260
-1220
-1142
-1110
-1078
-1016
-947
-946
-850
-798
-747
-738
-719
-705
-775
-772
-758
-767
-770
-679
-670
-628
-549
-476
-423
-312
-194
-179
-115
-39
-33
43
64
134
205
242
353
410
437
379
410
415
420
503
530
573
632
630
608
564
453
385
352
219
138
81
-48
-121
-235
-287
-363
-451
-465
-483
-491
-439
-381
-306
-225
-239
-142
-119
-79
39
152
305
428
561
712
852
934
1019
1085
1142
1230
1276
1338
1380
1355
1399
1327
1251
1263
1146
1111
1051
981
941
883
797
714
614
497
376
303
198
107
72
110
90
33
20
-43
-128
-177
-183
-261
-190
-157
-142
-97
-90
-123
-101
-89
-155
-161
-159
-228
-264
-272
-366
-410
-481
-537
-543
-559
-567
-607
-681
-743
-812
-880
-1008
-1044
-1074
-1118
-1108
-1114
-1161
-1161
-1177
-1190
-1238
-1231
-1274
-1280
-1199
-1262
-1209
-1193
-1197
-1132
-1067
-987
-906
-875
-824
-737
-721
-636
-532
-498
-380
-242
-172
-24
102
215
353
382
489
618
663
804
921
997
1105
1199
1205
1244
1250
1173
1171
1097
1092
1003
939
872
661
476
365
369
327
549
635
914
1064
1300
1353
1362
1215
958
696
293
48
-280
-329
-314
-149
119
386
641
803
831
685
524
126
-137
-290
-398
-411
-140
98
432
702
1067
1119
1271
847
155
-416
-896
-1276
-1396
-1014
-723
181
799
1637
1902
2312
2237
1754
1008
247
-588
-1546
-2031
-2469
-2326
-2268
-1657
-1283
-766
-574
-520
-702
-1124
-1532
-2068
-2381
-2549
-2395
-2214
-1801
-1297
-705
-270
142
491
579
163
-15
-413
-593
-831
-467
-377
210
838
1479
2101
2512
2613
2274
1855
1059
374
-347
-977
-1208
-1223
-877
-588
43
423
668
784
677
339
-76
-395
-746
-937
-1105
-996
-851
-548
-205
-59
246
442
615
616
700
813
743
670
563
537
379
570
602
660
1016
1169
1167
1261
878
306
133
-234
-541
-438
-268
-202
298
788
831
1094
1302
1080
845
516
177
-418
-758
-1065
-1350
-1615
-1485
-1192
-1217
-769
-674
-288
-418
-298
-531
-619
-583
-830
-573
-373
-267
-62
628
307
651
1182
1066
1231
1167
1300
1337
801
551
1165
-66
421
786
-151
262
936
-216
213
180
-333
-519
-541
-1062
-1586
-861
-882
-2035
-1036
-689
-2064
-1406
-1264
-1980
-1556
-916
-1786
-1384
-591
-747
-1244
-425
-362
-519
-114
106
238
617
414
1162
1166
486
1116
769
593
401
1334
103
1433
941
760
1470
1076
738
1232
906
233
885
575
304
783
425
-441
375
-165
109
-273
225
124
131
222
862
-230
420
939
-987
363
1150
-335
264
1485
110
629
1441
844
-197
1558
204
-615
475
317
-392
-810
1201
179
-1107
1223
1031
-1495
974
956
-1545
479
423
-1174
-27
83
-1352
-33
-21
-970
-712
611
-2076
-552
-64
-2101
-1790
-1083
-1838
-2607
-905
-1260
-2034
-1416
-39
-2273
-1669
345
-1874
-2264
568
-1434
-1741
-324
-309
-1460
120
1270
-1250
849
1367
-249
331
1917
8
364
1063
370
303
1438
490
77
2160
867
75
1914
746
-24
1010
656
-148
175
64
455
-647
275
568
-344
-103
8
242
-1147
-259
248
-598
-264
770
-793
607
1076
402
666
849
795
928
641
1312
1367
418
767
1652
280
801
1561
1052
924
1619
1575
899
928
1158
706
398
397
548
-378
59
425
-340
-573
-439
-223
-1335
-630
-1425
-799
-1385
-1786
-865
-1021
-2382
-1363
-544
-2891
-1359
-613
-2255
-1443
45
-1613
-2232
-404
-1057
-2068
-665
89
-1056
6
607
244
-48
1536
518
-206
1920
821
636
2273
246
871
2534
-510
454
2560
60
588
2197
379
-473
1175
-224
-1343
-96
-409
-1272
-416
-322
-257
86
-933
176
-731
-148
391
-683
77
682
-452
-751
1190
-872
-289
1647
-355
53
1643
196
-171
1583
246
-25
540
912
-76
944
973
393
-201
1285
367
-501
1207
71
-610
-32
520
-1734
84
-200
-1418
-330
-61
-1661
-372
284
-1990
-945
-652
-1463
-1792
-937
-1639
-1535
-821
-2044
-711
-587
-2363
-794
-373
-2320
-432
3
-1051
-642
607
323
-1076
646
1862
-21
-376
3165
166
85
2772
643
36
1802
1285
-100
1502
1482
601
1453
1528
140
1397
1321
47
1238
1449
-573
1664
1817
-961
1652
1705
-931
1445
1677
-1045
1182
1040
44
8
1064
35
-69
594
738
-230
546
1719
-180
335
1436
330
-228
259
745
-1000
212
951
-636
-280
706
-791
-426
148
-546
-708
-24
-815
-870
34
-1580
-369
-912
-1260
-1208
-920
-1871
-2306
-600
-2003
-2324
-1304
-1001
-2737
-1368
-365
-2680
-1479
-411
-1442
-2619
33
-1016
-2535
25
-739
-2203
-116
-896
-1296
4
-437
95
-186
440
884
833
-1068
2024
796
-291
812
1800
427
261
2617
-290
605
1503
893
-84
1363
1441
311
1471
1163
35
1090
1020
-180
862
741
153
740
1585
-487
-262
2387
-587
-531
2031
967
-1076
2176
494
-357
1029
1405
-596
828
1719
266
686
1187
782
343
1262
453
672
471
828
341
400
116
-178
1104
-1103
668
981
-1500
-203
1076
-1868
-1314
876
-1968
-2185
-71
-1022
-2816
-808
-337
-2940
-1240
280
-2718
-849
-185
-1794
-1640
-123
-1511
-1306
-814
-645
-747
-866
-197
305
-246
-637
932
-103
-892
779
896
-1203
849
1510
-907
-257
2373
-626
-1028
2537
-679
-773
1621
578
-606
894
1095
-730
761
329
35
56
584
376
-226
596
498
-95
196
-6
56
434
-195
773
289
-181
912
251
36
835
414
673
1265
842
664
1077
687
1126
352
1079
772
984
760
675
802
-135
498
512
-297
-380
679
-759
-601
0
-730
-2370
-796
-479
-2484
-1182
-26
-1707
-1427
422
-2471
-1593
125
-1642
-1899
639
-1007
-1664
576
-393
-1145
-881
557
-514
-747
1107
137
-519
965
1293
-682
744
1944
800
166
1880
1615
184
1135
1576
507
-92
1494
556
375
390
1135
67
218
792
-167
309
-161
-273
-171
-449
-850
-466
-523
-1012
-530
-427
-945
-1245
36
432
-2034
432
115
-1153
-655
71
-731
-389
52
-421
493
-218
136
453
198
-70
629
629
-757
691
1677
-1490
552
1310
-412
-442
1195
92
-325
773
59
-876
-1263
965
-684
-1995
779
-738
-1253
150
-355
-1433
298
-361
-1174
-930
306
-991
-893
331
-1420
-571
253
-341
-834
1675
-202
161
995
869
743
442
1066
1272
395
1322
1311
671
1358
1705
617
1738
1851
615
1972
1329
703
1479
712
36
964
824
-814
918
797
-839
146
681
-923
-379
-747
163
-951
-1161
-303
-723
-1629
-897
-544
-2172
-349
-609
-1358
-974
-57
-666
-1754
732
-442
-1425
148
726
-1054
-608
1457
-191
-601
555
721
-88
-800
1377
-74
-1483
469
249
-989
-1030
1308
-1382
-1018
786
-362
-2271
349
533
-2697
96
229
-1930
-1054
1168
-1431
-2056
1135
-546
-2764
790
308
-2667
698
1408
-2080
-113
2206
-1709
-393
2061
-806
-619
1871
653
-406
1835
671
492
1449
1244
254
1680
1590
-94
2057
614
686
989
880
-116
1556
133
443
687
610
106
-36
274
22
155
-154
-20
219
480
-763
320
201
24
-182
5
227
104
368
234
6
912
326
-692
1356
672
-110
315
1849
-664
-429
1688
-370
-807
742
1164
-1126
479
970
29
-1334
1312
900
-2297
507
1838
-1843
-615
1084
-445
-2196
915
318
-2458
235
691
-2439
-471
479
-1782
-1276
71
-604
-1988
288
-866
-1465
-357
-265
-1696
106
-685
-1156
-25
-79
-720
-495
1089
-1140
-535
906
-737
-1073
844
-353
-1241
402
144
-1030
107
685
-833
-573
1172
-725
-937
1175
-468
-631
-111
532
-468
-1225
1239
59
-1640
1251
336
-1969
1339
1236
-2281
1336
996
-1448
824
1425
-755
1004
2517
-1052
1468
2660
-645
763
2617
-70
387
2868
141
543
2370
1223
-112
2102
791
191
1678
388
-401
2320
-826
-569
1367
-879
-974
628
-135
-2119
1147
-570
-1760
162
353
-1835
-349
-128
-1094
-454
-343
-864
-127
-215
-124
-110
-259
451
-112
-11
-501
731
-483
-643
398
-896
88
91
-339
-234
547
-22
-568
373
-347
-471
-85
-503
-246
-558
120
-1154
-575
44
-729
-789
-249
-114
-1643
93
-378
-1532
-660
195
-2104
-82
81
-1729
145
707
-1239
-1173
1362
-1659
-478
298
-431
-609
600
344
-1456
1183
579
-467
192
2015
-253
551
1905
-205
813
872
576
777
1121
457
1188
1221
-33
1259
642
-272
1005
541
-609
586
464
-518
14
491
514
-1486
1303
466
-1654
1047
758
-1913
428
1045
-1827
-19
943
-1152
-494
555
-213
-688
1024
-202
-531
1318
-666
579
656
-353
191
826
-10
-712
1165
-277
-825
1130
-454
-230
473
3
-459
-72
-44
28
-1272
339
586
-1212
462
1088
-1285
-580
1089
-1215
-1258
331
1341
-2897
797
2016
-2314
152
1882
-887
-844
1938
183
-762
1177
1201
-939
523
1045
-308
-42
1391
-356
232
1046
-69
174
665
732
-393
650
367
312
-141
290
619
-374
319
547
-90
44
434
-313
-472
256
-950
-626
-205
-757
-893
-535
-449
-1394
55
-526
-1557
-410
-325
-1517
-782
73
-1117
-773
377
-1058
-588
314
-313
-923
381
227
-512
-402
691
-81
-790
530
666
-782
283
1328
-1019
611
967
-626
-475
1215
-863
-579
638
-834
-290
192
-392
-260
704
-610
-193
740
-849
-163
762
-545
-569
1167
353
-1127
1215
867
-814
609
1695
82
-241
1997
685
-1088
1697
728
-1528
1571
1623
-1782
1291
2021
-1204
-44
1742
402
-1057
1568
649
-1013
909
732
-1483
598
293
-1174
-55
743
-1009
-622
612
-672
-393
-743
820
-869
-1078
1106
-440
-945
361
213
-557
-24
307
21
-301
208
-11
247
-417
792
309
-275
104
654
-109
-555
63
744
-504
-589
1210
-92
-1447
785
351
-1585
127
591
-747
-1204
468
-505
-1936
429
-562
-1539
-66
233
-1949
266
466
-2023
37
66
-852
-881
347
-268
-702
5
208
-543
122
273
340
594
435
641
991
521
659
653
998
965
830
1382
638
746
1276
285
205
595
711
-63
-166
1030
133
-291
588
802
-820
167
1341
-1285
-608
1394
-472
-1595
1375
20
-2170
1381
652
-2021
341
1098
-1481
-368
1218
-539
-1048
946
-237
-754
337
-193
-198
380
123
-404
571
218
-1138
273
228
-1519
-364
1026
-1601
-642
1418
-1085
-1422
1131
-225
-2442
744
30
-2119
-532
536
-1962
-1548
834
-1666
-1779
504
-363
-2020
-372
406
-1754
-616
337
-521
-840
338
638
-586
372
1317
-494
448
1515
848
-94
989
1426
1092
-235
1736
1553
124
1504
1226
488
1562
1151
649
918
1272
1186
476
743
973
305
816
52
372
69
881
453
-1187
1240
699
-1411
168
1149
-1785
763
870
-2008
203
1639
-1714
-906
1422
-300
-888
810
-232
-462
463
6
-711
4
961
-528
-436
531
-273
-438
-37
-355
-626
373
-233
-263
-443
-280
484
-1005
-508
-181
-12
-776
-848
102
-725
-377
-669
-637
-628
-595
-636
-525
-616
-919
-204
-111
-1124
-1065
885
-816
-1442
394
-346
-752
-186
-266
-403
222
-282
-443
237
-187
-224
-25
507
-153
257
888
-77
448
368
398
54
672
80
268
-13
303
164
-601
-58
2
-477
-207
359
-82
-186
-201
386
-602
-355
452
-120
-466
-67
384
-1139
-175
190
-780
-379
317
79
-168
-256
650
-133
-517
921
519
-369
1031
1039
-281
481
1025
167
-408
1437
980
0
511
1840
-225
122
1170
765
-281
772
956
338
335
465
694
-269
530
-38
426
414
119
-141
162
-108
112
-583
-223
984
-490
-781
961
1
-1026
405
-378
-505
170
112
-539
672
-90
-399
382
238
-355
316
233
90
362
-153
405
689
-375
17
630
-7
16
209
26
175
36
58
-116
153
500
-923
-108
549
-522
-824
256
-40
-996
-379
-503
-861
-869
-684
-971
-1141
-268
-1127
-1307
-74
-760
-1396
-149
-1108
-78
-878
-810
-759
-204
-1098
-871
-159
-427
-399
-270
-96
-455
293
-527
12
760
-241
-147
1122
127
-48
700
516
28
275
472
606
-140
566
936
-68
293
251
269
678
349
-307
879
458
61
382
341
211
220
484
587
172
289
1232
322
451
77
789
567
325
106
846
576
533
307
588
644
46
595
573
282
-16
753
111
328
255
153
208
288
165
-65
-136
122
201
-876
-104
46
-456
-950
-81
-182
-198
-885
-64
12
-546
-302
-181
-384
-495
-105
-895
276
-432
-313
-188
484
-372
-623
834
-37
-1122
915
378
-1200
133
883
-395
-1332
973
503
-1505
449
858
-1373
-259
931
-1126
-1358
1359
-1035
-1517
512
29
-1883
118
516
-1604
-505
482
-725
-1232
199
-39
-1101
-472
500
-374
-836
289
253
-690
-115
262
-271
-497
541
-94
-749
660
191
-653
166
1220
-575
105
1177
-288
34
1033
18
29
879
532
291
518
839
-46
793
653
469
320
759
746
177
493
644
90
159
727
252
-200
784
423
-592
608
553
-479
-46
730
-446
109
164
261
-220
-247
438
198
-133
353
564
-28
-148
716
118
-807
374
354
-615
-199
1020
-586
-386
813
-89
-733
233
292
-1026
-270
640
-865
-759
639
-469
-664
-2
-185
-302
-290
-157
-165
-288
-207
-457
-557
-174
-578
-415
-534
-922
-335
-212
-358
-584
102
-222
-466
-470
-129
-77
-637
-320
66
-311
-631
-91
152
-793
32
581
-587
-259
866
-26
-708
789
500
-923
44
837
-608
-529
947
207
-906
997
380
-280
268
647
129
-285
482
439
127
-203
527
583
-113
440
580
347
46
381
593
-70
216
546
222
-127
666
190
66
351
554
155
368
374
465
528
-189
220
724
-189
-264
803
21
-4
544
256
146
262
497
-147
81
440
32
-154
354
-112
-215
285
-176
-125
-38
-174
-119
-385
-19
84
-342
-121
-99
-24
-26
-178
117
1
-250
111
-229
186
41
-234
280
-242
-128
129
-341
-344
293
-102
-618
321
91
-945
143
334
-1174
-41
244
-767
-500
177
-641
-795
-136
-264
-1008
-213
-162
-827
-805
-244
-654
-1252
-102
-456
-885
-466
30
-567
-535
13
-314
-426
-35
-110
-291
122
-139
-417
169
5
-326
49
297
-52
143
171
358
-175
91
475
-176
412
212
411
118
111
790
236
-97
836
335
-297
784
731
-297
492
905
18
264
733
520
7
623
592
375
120
693
469
-12
396
852
-178
223
1202
-284
179
1148
392
-182
898
574
-109
177
710
249
-186
379
600
-339
-309
477
-86
-556
44
273
-358
-526
183
-443
-740
133
-175
-732
-4
265
-625
-271
195
-279
-312
-100
174
-243
-490
215
-96
-741
-146
173
-486
-349
159
-236
-871
25
-17
-1032
-34
191
-584
-471
-130
-294
-745
-468
-71
-484
-612
20
-191
-764
-437
-135
-595
-691
-118
-11
-419
-51
18
22
-12
-390
112
87
-320
70
308
-260
-186
335
208
-295
80
478
-206
-195
560
154
-257
344
466
-93
129
588
209
38
490
486
191
235
727
163
-31
779
257
-40
604
377
176
518
414
395
760
442
518
890
831
387
649
956
402
589
782
581
688
860
461
536
672
294
166
393
395
119
-44
16
-6
-395
-324
-205
-202
-536
-286
23
-472
-598
-321
-576
-766
-782
-608
-552
-1141
-777
-415
-914
-834
-374
-640
-737
-223
-383
-621
-262
-324
-432
-678
-238
-116
-732
-337
-150
-696
-608
-223
-463
-741
-425
-155
-636
-604
40
-259
-555
-68
-37
-160
-8
223
-139
-182
-16
-72
-368
-146
238
-141
-218
343
225
-18
82
353
254
15
216
489
38
44
437
436
154
311
734
535
271
917
965
305
523
971
776
123
784
856
140
512
1101
277
466
1101
588
381
804
697
233
525
778
265
169
580
453
-137
207
485
-202
-44
296
-110
-234
143
-250
-450
-218
-300
-502
-548
-178
-537
-543
-204
-507
-749
-232
-541
-757
-186
-478
-649
-197
-310
-440
-233
-94
-482
-201
-120
-408
-414
-187
-400
-526
-294
-504
-501
-542
-287
-488
-489
-182
-334
-517
-367
-248
-498
-446
-353
-289
-357
-216
-223
-364
-234
-273
-226
-150
-215
-100
8
-87
17
113
182
186
164
449
364
265
484
534
311
574
552
492
545
541
672
602
573
559
713
593
522
591
536
438
625
480
392
624
500
259
472
436
144
219
170
309
-121
-31
224
-113
-180
64
-77
-178
77
-110
-204
-48
-53
-252
33
8
-179
-245
73
-21
-253
-30
70
-49
-45
139
68
-99
47
0
-133
-126
-59
-143
-167
-30
-107
-208
-342
-192
-241
-376
-269
-475
-336
-517
-680
-278
-564
-545
-317
-298
-427
-252
-113
-373
-196
-137
-138
-285
-54
-13
-123
-48
26
-125
-40
-24
-23
53
-67
110
79
13
-9
272
119
-84
308
298
58
142
414
112
152
424
97
174
322
310
157
194
315
253
169
231
392
177
-103
327
227
-108
233
269
16
-119
200
-76
-279
63
12
-188
44
143
-7
71
117
130
6
160
284
67
257
355
105
184
398
53
125
283
88
55
30
4
37
-109
-170
178
-30
-53
70
55
-44
-159
-19
-150
-168
-147
-158
-223
-246
-128
-382
-465
-217
-454
-359
-177
-170
-147
-159
-198
-205
-228
-239
-194
-110
-88
-58
2
-142
-40
-121
-84
-27
-89
-47
-87
-30
-91
-1
-129
-32
184
-96
-128
40
-135
-140
-158
-161
-187
-55
-197
-285
-61
-246
-394
-86
18
-320
-100
166
-217
-288
44
-149
-339
42
144
-291
22
141
-278
-178
-1
-78
-304
178
82
-199
78
2
-87
-276
-23
-85
-165
190
-40
42
146
38
140
135
243
247
282
372
300
468
358
423
459
404
439
529
510
251
509
484
312
318
448
481
274
225
395
374
134
341
515
279
429
428
417
222
305
171
73
197
159
-1
222
199
-128
114
175
-84
2
95
0
31
-77
-184
-61
-246
-357
-211
-265
-227
-291
-338
-233
-242
-445
-306
-152
-346
-327
-166
-323
-329
-183
-365
-322
-111
-237
-320
-157
-198
-459
-321
-229
-479
-346
-334
-219
-368
-389
-172
-429
-390
-271
-290
-242
-193
-204
-171
-186
-193
-249
-134
-129
40
-6
25
175
36
60
95
-35
133
171
202
147
168
317
242
228
259
292
267
177
220
219
183
36
123
185
79
172
246
316
160
247
262
157
172
250
179
31
50
54
-95
-12
78
97
68
258
288
131
213
403
98
143
167
147
-61
26
74
-137
-66
-159
-47
2
63
-138
90
-28
-215
-76
-98
-246
-224
-48
-16
-170
-38
101
-166
-37
98
-48
4
146
231
113
163
234
126
117
274
210
92
238
227
121
92
332
231
47
147
280
-21
-82
178
-40
-55
32
-2
21
-3
-108
-188
-172
-232
-275
-139
-137
-139
-178
-141
-259
-310
-315
-340
-418
-382
-254
-412
-337
-279
-309
-401
-174
-308
-348
-141
-380
-274
-210
-172
-263
-168
-163
-50
30
-124
-72
-90
-114
-16
-122
86
-47
-101
225
-192
-11
-48
-170
79
-61
94
79
20
235
-48
239
224
187
192
223
313
200
168
174
159
23
234
75
181
222
91
174
-44
224
-119
88
156
-130
52
15
37
-131
59
179
-122
-2
200
60
-42
202
226
-73
170
271
64
39
246
80
-27
125
23
-83
22
101
-97
-102
-28
-252
-235
-174
-263
-196
-57
-113
-156
-31
-22
-249
-26
-95
-206
-96
119
-91
-126
313
-42
25
174
185
63
197
290
104
193
275
219
93
241
232
153
111
165
156
68
29
310
72
77
202
105
44
134
162
40
76
201
86
100
240
203
280
224
228
151
140
149
48
18
102
103
-141
125
26
-142
-110
-96
-244
-260
-126
-251
-292
-282
-192
-335
-263
-189
-252
-216
-241
-141
-179
-211
-145
-187
-218
-106
-190
-176
-198
-221
-161
-231
-254
-268
-197
-159
-212
-177
-50
-242
-192
-85
-188
-190
-82
-98
-146
-53
-22
-124
-32
-54
-40
-43
-33
54
35
165
200
194
152
285
271
136
279
407
200
385
428
209
319
287
181
133
269
163
90
184
112
45
65
93
-23
40
133
-5
38
124
25
50
79
8
-194
-94
-158
-280
-50
-163
-303
-95
-81
-175
-46
-57
-137
-28
-69
-134
19
-44
-155
30
-55
9
-84
55
-24
13
25
-42
-4
-54
-50
-88
-58
-142
-52
-90
12
21
25
32
82
103
-33
69
65
-77
-70
-9
-50
-82
-20
-67
-117
-81
49
-17
44
119
58
-57
110
96
-57
46
95
42
23
-28
60
-6
61
144
236
171
214
278
34
33
123
70
-20
147
204
214
247
232
233
183
188
157
229
135
172
112
16
49
37
-31
-29
4
-4
-37
-72
-34
-4
-86
-74
104
-70
-109
80
-130
-234
-162
-167
-277
-207
-179
-335
-273
-209
-318
-310
-213
-147
-255
-245
-84
-220
-260
-277
-300
-341
-373
-285
-311
-274
-195
-209
-95
-150
-214
-152
-131
-152
-159
-127
-27
-89
-107
82
10
60
79
86
117
110
164
99
127
6
4
87
-46
7
28
86
-2
36
111
64
63
59
128
118
45
136
86
61
115
85
125
149
156
124
185
248
121
231
213
237
319
348
349
286
471
310
357
412
386
426
392
426
391
339
351
361
164
188
225
85
138
288
222
235
255
281
183
215
193
145
59
56
67
-146
1
-72
-171
-93
-122
-149
-118
-83
-43
-201
-91
-37
-124
-115
-137
-97
-140
-256
-106
-120
-306
-225
-150
-247
-311
-262
-397
-378
-373
-355
-387
-481
-352
-472
-405
-363
-364
-357
-194
-239
-216
-183
-218
-183
-226
-261
-207
-121
-311
-189
-127
-162
-194
-115
-46
-241
-169
-47
-140
-188
-134
-37
-200
-189
-119
-228
-205
-159
-152
-186
-143
-158
-170
-127
-130
-123
-73
-47
-2
21
17
12
33
-64
53
70
79
132
188
289
206
312
303
237
252
332
267
276
331
269
246
349
367
218
342
385
312
362
421
351
420
466
360
451
489
468
448
468
414
350
419
387
314
338
347
277
180
190
182
82
86
140
-9
109
83
51
81
-10
-39
7
-57
-54
-65
-100
-133
-118
-103
-183
-271
-233
-207
-249
-240
-264
-217
-306
-246
-306
-263
-222
-275
-187
-198
-155
-150
-181
-143
-197
-217
-164
-223
-295
-232
-288
-357
-322
-415
-346
-286
-404
-311
-273
-352
-391
-214
-279
-330
-190
-149
-269
-218
-144
-265
-260
-195
-133
-183
-49
17
4
35
145
153
97
68
182
151
59
105
142
84
114
173
159
144
225
224
138
185
123
172
211
145
153
212
228
150
192
199
169
161
225
169
139
242
189
191
247
282
125
214
220
11
77
84
-59
-51
95
61
-27
215
142
48
231
214
230
316
362
329
365
391
344
355
286
256
322
290
248
266
335
292
285
321
233
211
161
115
-4
33
-21
-79
-4
-84
-141
-78
-157
-267
-168
-181
-354
-371
-322
-460
-535
-468
-661
-570
-570
-648
-488
-603
-494
-492
-545
-467
-452
-469
-402
-284
-419
-361
-286
-413
-417
-455
-438
-475
-459
-395
-442
-349
-346
-233
-238
-176
-102
-89
-12
38
77
84
157
142
100
66
1
35
21
95
123
118
222
188
224
290
262
254
366
370
349
350
356
398
239
276
371
301
292
489
444
377
491
447
325
384
369
210
355
372
311
402
367
310
405
361
314
389
373
278
343
307
138
141
92
26
54
-24
-6
-19
-94
-109
-60
-103
-115
-71
-99
-106
-169
-159
-256
-288
-225
-180
-174
-137
-65
-90
-27
-50
-74
-86
-146
-47
-160
-147
-77
-169
-124
-121
-169
-180
-141
-154
-196
-149
-223
-286
-291
-278
-382
-420
-297
-422
-368
-242
-286
-283
-226
-193
-232
-207
-190
-275
-197
-143
-260
-234
-198
-212
-236
-235
-208
-171
-148
-77
-77
-106
-70
-16
-53
-6
20
8
53
21
98
106
87
34
106
111
110
157
167
234
233
268
217
212
273
255
286
277
291
367
313
348
297
263
252
225
270
214
204
220
234
199
138
151
172
80
84
203
131
130
182
178
188
208
266
252
243
246
217
168
212
139
125
192
109
58
170
136
76
140
23
-6
37
44
14
30
103
6
-34
40
-117
-116
-75
-196
-225
-203
-238
-266
-250
-291
-312
-389
-357
-431
-465
-372
-314
-301
-386
-208
-288
-343
-213
-246
-255
-272
-167
-209
-172
-49
-123
-69
31
16
-51
108
20
-48
61
5
-6
-28
7
-80
-76
-61
-114
-75
-101
-129
-96
-110
-41
-65
-86
-31
31
49
56
80
21
64
35
62
33
15
108
93
44
48
226
111
154
262
270
254
225
285
194
166
295
262
222
339
323
268
281
275
185
269
197
174
171
117
90
86
46
26
38
-18
25
-65
-15
-60
-110
-126
-163
-134
-218
-143
-238
-277
-221
-251
-280
-253
-227
-294
-192
-143
-227
-171
-139
-143
-163
-122
-103
-149
-128
-173
-218
-233
-189
-227
-173
-158
-128
-96
-140
-137
-138
-183
-164
-162
-168
-153
-166
-130
-229
-289
-184
-233
-163
-77
-79
-61
32
-5
-25
78
3
40
69
76
78
169
115
117
118
106
102
151
203
174
252
259
223
198
205
170
149
147
164
138
192
195
230
255
254
186
223
316
304
268
310
326
298
