SAMPLES:	12829
BITSPERSAMPLE:	16
CHANNELS:	1
SAMPLERATE:	16000
NORMALIZED:	FALSE
-131
-128
-89
-91
-106
-108
-122
-110
-106
-96
-97
-76
-98
-114
-123
-148
-146
-130
-119
-121
-109
-114
-104
-83
-49
-34
-6
33
59
84
92
104
93
65
65
51
89
138
162
227
226
247
272
260
284
315
335
359
365
390
398
385
379
380
368
377
393
410
442
462
456
481
456
442
451
433
419
394
398
383
383
339
323
311
279
274
224
205
178
130
115
50
26
-2
-53
-56
-105
-129
-176
-210
-240
-247
-264
-272
-280
-274
-254
-278
-286
-335
-336
-380
-425
-461
-465
-497
-447
-479
-468
-432
-462
-416
-419
-416
-412
-393
-430
-442
-419
-455
-459
-439
-467
-455
-424
-383
-337
-293
-255
-221
-186
-187
-148
-126
-133
-101
-62
-52
-47
-33
-21
-8
36
45
68
126
85
102
98
56
36
31
16
18
16
0
48
74
58
38
37
34
89
108
121
175
203
205
204
220
208
229
241
244
271
294
332
324
336
361
354
387
364
374
363
363
368
346
324
308
309
288
283
289
296
285
292
304
290
311
333
353
353
346
356
351
339
311
258
281
269
258
268
229
191
155
109
63
33
-21
-41
-54
-89
-107
-145
-203
-246
-302
-337
-368
-384
-391
-417
-415
-435
-418
-433
-423
-431
-425
-374
-372
-348
-336
-324
-339
-331
-332
-330
-338
-356
-349
-352
-368
-360
-362
-388
-383
-369
-376
-400
-382
-401
-416
-426
-460
-449
-462
-428
-417
-404
-362
-355
-296
-267
-259
-194
-164
-95
-45
-2
25
59
78
85
123
124
162
196
253
273
331
325
364
406
412
446
459
495
534
543
555
566
520
537
526
494
508
509
476
455
438
413
374
371
354
368
375
356
350
312
289
254
227
179
192
209
230
235
213
181
146
130
92
72
41
42
47
12
21
-5
-5
-47
-61
-81
-108
-119
-157
-192
-194
-224
-222
-223
-234
-235
-219
-209
-258
-258
-287
-290
-302
-283
-286
-263
-261
-246
-243
-242
-208
-257
-246
-290
-246
-261
-228
-223
-229
-238
-276
-242
-228
-186
-161
-122
-120
-77
-55
-73
-76
-67
-86
-84
-52
-65
-66
-51
-64
-26
-42
-43
-7
24
54
88
88
113
125
120
160
147
165
172
171
164
155
148
127
112
110
157
159
193
224
241
236
245
233
217
205
161
138
80
57
20
-12
-27
-50
-63
-52
-17
12
35
63
71
54
70
79
63
64
58
33
23
31
17
-15
-19
-50
-60
-55
-50
-38
-61
-43
-68
-82
-63
-92
-72
-80
-64
-53
-58
-67
-71
-88
-84
-101
-114
-98
-93
-95
-110
-105
-121
-132
-124
-155
-160
-114
-129
-108
-95
-92
-78
-105
-111
-124
-131
-123
-131
-127
-104
-68
-43
5
12
22
41
46
59
45
26
40
59
58
59
84
87
79
62
36
26
-10
-38
-64
-56
-68
-65
-58
-54
-57
-39
20
37
110
159
208
220
220
207
182
155
113
99
68
78
103
126
115
123
116
112
116
95
128
134
132
162
125
124
111
79
42
80
127
146
212
206
203
165
120
116
85
114
135
119
149
151
162
163
115
104
72
59
36
2
-3
-34
-55
-93
-110
-112
-101
-99
-97
-112
-123
-140
-144
-179
-191
-205
-219
-225
-220
-196
-239
-239
-265
-281
-331
-340
-326
-335
-318
-298
-274
-299
-263
-261
-264
-225
-215
-214
-202
-227
-202
-183
-184
-138
-134
-97
-73
-38
14
3
11
22
1
19
24
22
32
11
31
6
24
67
73
93
122
141
135
156
162
175
195
195
217
225
231
268
287
321
333
325
326
316
349
350
338
359
316
317
299
259
248
242
239
228
196
160
137
101
73
71
80
66
77
77
82
76
87
73
27
17
14
0
-53
-76
-111
-141
-152
-199
-230
-223
-237
-260
-254
-242
-236
-200
-181
-189
-116
-103
-101
-61
-101
-94
-114
-151
-175
-200
-238
-232
-238
-228
-194
-184
-172
-168
-118
-154
-129
-98
-110
-81
-61
-55
-42
14
42
70
111
115
140
138
158
179
188
219
253
252
262
280
227
230
191
149
145
128
100
93
81
34
-19
-92
-145
-226
-241
-239
-257
-249
-229
-243
-244
-235
-245
-262
-248
-217
-170
-131
-104
-51
-41
-43
-14
-50
-67
-24
-56
-26
-31
-33
-69
-61
-71
-55
-6
-49
9
4
-14
-2
-4
-32
-5
11
20
49
65
68
65
44
53
48
44
53
30
40
37
36
42
46
61
58
89
86
96
112
110
140
101
124
110
96
137
126
101
115
107
87
84
76
68
61
65
56
72
51
76
62
86
65
68
72
18
51
35
32
45
66
95
154
203
217
255
279
233
221
180
164
136
85
74
22
25
-14
-46
-67
-94
-101
-135
-135
-148
-162
-167
-195
-214
-199
-222
-217
-202
-190
-137
-80
-40
-51
-23
-32
-70
-78
-85
-89
-109
-80
-113
-110
-86
-59
-34
-61
-10
-30
-25
-14
-78
-87
-121
-118
-92
-104
-87
-81
-77
-73
-61
-59
-21
-12
-2
3
16
17
-17
-12
-3
-12
-37
-57
-86
-102
-75
-73
-75
-72
-95
-104
-85
-92
-98
-71
-63
-27
-13
30
60
74
88
109
132
142
159
178
197
214
231
222
219
227
212
210
227
199
204
207
186
156
146
119
126
141
125
137
101
74
42
31
23
35
53
41
84
105
95
119
122
115
128
146
182
166
181
181
152
142
136
112
75
52
44
9
30
21
-15
0
-45
-59
-98
-121
-140
-176
-187
-198
-185
-155
-133
-137
-145
-165
-173
-197
-227
-229
-226
-252
-229
-226
-220
-201
-229
-228
-253
-276
-288
-286
-288
-287
-281
-292
-273
-276
-245
-232
-216
-187
-171
-153
-159
-150
-142
-135
-136
-129
-126
-128
-127
-109
-85
-63
-37
-25
-11
10
42
58
66
87
126
198
210
244
250
233
253
245
194
216
166
148
186
165
188
188
179
189
188
205
205
195
154
128
94
64
63
45
51
37
66
105
120
121
120
134
119
106
101
73
86
80
75
89
58
64
89
101
78
70
34
17
14
-9
-23
-45
-20
0
44
63
62
84
69
47
28
18
-18
-45
-74
-78
-108
-115
-126
-135
-95
-66
-56
-6
-11
12
-36
45
-20
-62
38
-21
-33
40
-19
-9
77
-19
22
31
40
84
85
96
85
52
72
19
29
31
-13
11
-1
-6
0
10
-22
-35
-47
-66
-59
-90
-69
-128
-143
-144
-179
-197
-215
-193
-251
-285
-293
-361
-347
-379
-330
-305
-315
-262
-237
-181
-161
-148
-102
-96
-67
-58
-59
-67
-81
-95
-105
-107
-99
-60
-50
17
41
92
152
172
216
227
274
275
278
294
293
294
304
311
329
350
374
406
413
477
493
483
478
468
474
483
471
435
434
384
398
374
358
335
274
276
215
179
129
66
22
-33
-89
-128
-154
-212
-241
-265
-308
-332
-370
-378
-413
-435
-448
-465
-502
-503
-512
-547
-504
-506
-485
-468
-464
-442
-420
-397
-379
-353
-352
-337
-320
-302
-286
-297
-296
-303
-294
-257
-236
-210
-167
-113
-81
-43
33
48
100
135
191
209
259
297
301
325
323
323
310
298
268
269
237
244
208
170
175
148
145
125
122
147
176
184
179
183
162
179
149
162
144
161
142
116
79
42
33
-25
-22
-52
-45
-48
-34
-52
-31
5
11
34
53
36
70
78
74
87
67
66
56
95
88
108
107
67
51
24
46
35
41
74
36
28
78
53
45
64
37
35
41
48
29
19
8
-16
-41
8
-9
-12
34
47
63
66
25
12
24
-4
-12
-37
-22
-33
-26
-35
-31
-20
-37
-11
-15
-27
-31
-54
-70
-76
-117
-124
-167
-206
-237
-229
-279
-292
-334
-388
-370
-403
-409
-402
-377
-337
-335
-297
-276
-240
-206
-181
-173
-149
-126
-121
-101
-96
-88
-55
13
22
90
117
111
146
132
108
139
120
113
98
84
60
59
61
59
65
115
108
143
202
211
236
245
251
272
295
258
264
271
248
235
228
202
208
157
125
132
110
147
156
185
189
176
172
152
168
142
119
118
93
86
65
26
59
55
13
58
64
64
85
73
90
92
89
113
119
91
101
75
39
16
-1
-38
-72
-111
-140
-138
-147
-161
-148
-162
-155
-191
-203
-233
-272
-276
-306
-321
-315
-315
-288
-315
-287
-266
-268
-229
-257
-219
-224
-216
-198
-195
-165
-127
-122
-100
-78
-112
-67
-93
-97
-90
-129
-127
-150
-150
-137
-130
-142
-117
-129
-115
-104
-39
-1
18
63
56
22
21
20
-14
6
14
30
74
84
122
137
113
137
111
83
68
86
93
93
86
169
161
150
209
172
183
224
252
287
321
364
379
400
403
373
373
390
371
389
410
375
391
319
278
274
260
204
184
144
71
24
13
-8
-47
-76
-107
-111
-106
-115
-93
-76
-81
-34
-8
-21
11
7
-6
17
-7
9
-36
-89
-103
-176
-229
-195
-219
-231
-216
-216
-183
-197
-181
-176
-212
-169
-171
-169
-155
-145
-120
-138
-137
-166
-127
-141
-125
-141
-179
-161
-166
-158
-101
-97
-109
-73
-93
-127
-68
-131
-149
-130
-168
-180
-177
-139
-202
-124
-129
-138
-122
-66
-99
-54
-26
-17
-15
47
35
-26
23
-17
-56
-3
-38
-83
-16
-93
-34
-53
-88
-11
-51
-43
20
9
104
113
103
151
149
182
203
227
236
178
260
210
210
235
171
201
196
156
128
135
124
107
148
120
110
130
118
57
91
97
104
123
137
141
172
181
177
176
198
251
238
281
250
194
196
145
120
71
64
79
9
34
24
-98
-33
-87
-82
-36
-141
-63
-109
-178
-139
-197
-226
-202
-222
-185
-183
-157
-4
-92
30
103
-11
106
128
110
220
170
79
174
2
-35
-29
-155
-278
-104
-268
-356
-149
-266
-377
-100
-417
-162
-249
-437
-66
-380
-186
-61
-249
-157
-3
-293
52
-163
-253
-8
-334
-217
-155
-313
-106
-157
-65
-36
-18
222
-27
281
128
78
236
43
166
200
24
259
254
47
382
206
274
579
259
345
481
184
324
347
53
133
245
-15
28
5
178
-31
212
146
-122
151
-90
-114
-16
-380
-163
-223
-397
-69
-421
-194
-249
-208
-290
-260
-279
-208
-179
-192
-225
-106
-100
-197
121
-243
-131
62
-103
-80
76
-59
-43
40
106
-11
2
175
-102
-28
271
25
-42
410
-93
-169
362
-392
56
499
-422
183
219
-359
452
-91
-10
205
-85
273
-50
37
252
-23
-37
119
-102
-223
179
-222
-125
157
-90
-111
213
140
-64
195
425
-288
555
230
-105
363
85
-5
106
-285
62
-65
-340
538
-266
25
695
-143
-40
877
-170
122
552
-177
274
291
-250
339
359
-116
545
366
-87
679
191
-77
335
135
-135
337
-167
52
291
-377
262
278
-517
350
306
-790
260
-192
-510
-129
-422
-435
-39
-730
-207
40
-674
-315
66
-561
-423
-169
-503
-274
-472
-25
-888
74
-192
-479
228
-433
-91
239
-617
300
-177
-706
386
-566
-211
-237
-151
-302
366
-566
196
102
-334
286
-247
165
-223
212
-395
151
-180
277
-228
117
121
4
584
-530
989
-75
-209
982
-67
-130
980
-29
128
566
544
-177
597
327
539
81
217
605
-179
678
-57
-243
643
393
-494
785
227
-800
1283
-250
-518
843
171
-440
894
-405
156
585
-81
236
212
-490
933
-394
-68
404
-778
747
-599
-351
433
-366
-596
696
-532
-639
1024
-975
-279
652
-696
-270
245
278
-594
220
328
-719
378
-67
-458
476
-215
-58
287
-6
-564
1117
-1491
1212
-1080
397
187
-1015
837
122
-950
374
646
-1200
-50
1087
-1219
-910
2116
-2051
-609
1479
-1320
-865
921
-517
-1042
603
-545
36
-219
-150
-134
264
-574
559
-317
-845
1168
-1109
-156
259
-582
-730
1028
-1590
373
157
-726
-189
259
-494
-803
1361
-2190
1377
-573
-440
403
1
-298
-28
397
-401
-96
186
789
-2151
1964
-326
-1544
1730
-27
-1628
1948
-84
-795
538
1247
-988
4
2137
-1363
23
2329
-1381
-274
2707
-2152
988
1516
-1161
937
962
-413
968
92
818
-231
228
1099
-781
324
1505
-1486
1240
388
-490
856
147
60
-2
823
-134
22
457
595
-1126
1556
-282
-204
1493
-1235
1268
218
-1047
1676
-968
-268
1505
-1236
24
959
-689
-256
958
-805
-499
814
40
-1691
2898
-2430
-186
2854
-3766
1320
1571
-3449
1399
344
-1962
557
-58
-760
-407
-293
158
-1653
560
-1073
-709
182
-1629
523
-733
-830
-118
-185
-1187
136
-160
-762
331
-613
105
-1141
1188
-2080
1359
-1067
-614
1643
-2095
1568
-1041
562
-609
1009
-1107
132
1034
-1825
1892
-1085
642
-429
706
21
-174
986
-1288
2059
-1831
988
138
-765
276
490
-866
1385
-1683
1659
767
-2162
3200
-705
-1260
2888
-417
-1878
4038
-2831
1820
347
-1456
2929
-1896
533
2635
-3303
1887
2417
-4564
4164
-757
-1971
3744
-2952
1230
1545
-2487
2373
-702
-738
1954
-1462
-87
1861
-2694
2632
-1227
-1174
2957
-3003
1333
625
-1867
1784
-491
-1289
3099
-4004
3578
-1316
-989
2174
-1479
607
-297
752
-828
422
-430
1488
-2939
3149
-2035
-619
1585
-1191
-5
-488
1080
-1078
-571
1329
-580
-2085
3208
-2893
1126
-421
85
-827
295
102
-974
867
-1734
2505
-3310
2375
-706
-1312
1340
-247
-1733
1378
709
-2938
2282
-117
-1149
-526
2882
-3303
-35
3305
-3883
592
1780
-1516
-1506
2582
-2235
438
-1066
2135
-2518
484
1407
-1623
-235
1763
-694
-2043
4328
-3935
2039
-269
350
-165
-290
1085
-244
-472
1740
-1179
-45
2574
-3417
3110
-2196
2110
-1325
420
852
-512
-580
2028
-1274
-472
1729
-797
-286
-472
2904
-4244
2691
1462
-4391
4365
-1120
-1854
3534
-3158
2002
-663
249
-434
229
153
-817
973
-1099
998
-971
797
-311
-252
1042
-1803
2361
-1656
147
1354
-1019
-535
1921
-1954
-59
1259
-1032
113
-259
1483
-2352
1735
121
-1476
1563
63
-1228
1892
-1626
2748
-3156
2284
336
-2577
3335
-2434
719
199
-464
-505
232
275
-1027
201
468
-1566
609
563
-2066
1258
231
-1848
1633
-1218
-441
1319
-2468
1737
-1371
-252
678
-931
439
-1501
2088
-2339
386
1356
-2842
2056
-1092
-83
-649
1408
-2040
1360
247
-1864
2337
-1551
40
-185
1316
-2835
2286
-23
-2244
3302
-2185
1446
-865
1922
-2018
1652
869
-2322
3225
-340
-1197
2172
1056
-2597
3612
-353
-1433
3236
-1545
134
1548
111
-1796
3859
-2082
-405
3872
-3207
1768
1056
-941
-635
3574
-4157
2899
397
-3378
5492
-4916
2656
-438
-699
377
27
221
-1821
3607
-4692
4185
-3022
1395
-509
-1491
3061
-4788
3944
-3331
2339
-3325
3077
-3030
1255
-26
-1912
2663
-3376
2782
-2633
2054
-2462
2467
-1886
52
1992
-3144
2859
-1690
274
503
-127
-559
-237
1953
-3669
3711
-2176
-403
1431
57
-2846
4004
-1889
-1502
3542
-3649
2132
-2037
1503
-2341
1647
-2147
738
404
-2921
3598
-4311
3533
-3276
2114
-1136
-467
1240
-2457
3162
-4424
4907
-4711
3789
-2466
1212
780
-2180
3672
-4246
4587
-4176
3378
-1941
972
-455
415
843
-2390
3826
-2973
1943
-284
27
120
1133
-775
-193
1831
-2196
1702
-104
-670
1297
-456
-167
938
31
-580
772
811
-1914
2293
-384
-1857
3183
-1639
-454
2048
-1389
624
1129
-1211
1159
340
-235
-465
1721
-1817
573
1732
-3426
2605
-138
-1818
1804
-599
-983
1489
-1256
373
-252
-27
-495
916
-747
-1127
2316
-1865
-1046
3112
-2968
223
1871
-3105
1235
-647
-771
219
-888
590
-881
211
143
-632
202
-236
-571
88
706
-3219
3593
-2364
-731
2110
-2704
409
1275
-2048
987
-368
-71
-268
559
-491
-36
630
-1071
1337
-1683
1508
-1312
960
-317
-183
446
-246
668
-1204
1935
-1267
1070
-524
1267
-1516
2764
-2765
2372
290
-1596
2237
-511
483
-423
2261
-2411
3119
-2146
2132
-183
-978
2809
-3271
4145
-4479
5158
-4250
3139
-1194
215
1044
-1164
1065
-1309
2798
-4333
5605
-6050
5652
-4744
2769
-247
-1668
2115
-1676
1250
-2159
3214
-4327
4562
-4755
3427
-1593
-439
463
563
-1249
-58
2177
-4451
4926
-3755
1125
1797
-3981
4432
-2394
-864
3016
-1892
-1052
3064
-2831
648
2435
-4666
5189
-3676
466
1937
-3122
1478
156
-1900
1102
-304
-537
652
-1307
2122
-2245
667
1289
-2566
1156
836
-2500
1424
-121
-991
137
1375
-3016
3358
-2777
914
-1
-226
-1528
2285
-2213
-356
3013
-5834
5914
-4268
1287
968
-1754
1419
-302
-558
1188
-961
-188
2963
-4820
4996
-2376
-663
2684
-1814
210
1601
-2071
2149
-727
-1202
3110
-2927
1618
711
-711
-494
2552
-2227
1423
54
-181
426
-30
1081
-923
855
-146
1029
-1647
2923
-2776
2137
532
-2324
2628
-794
-339
532
821
-1237
1088
-736
1806
-2903
3330
-914
-2279
5185
-5064
3131
-350
-856
1171
-626
233
1019
-1034
948
-33
-369
786
-953
497
-30
-247
173
-1077
1295
-1267
-463
1480
-2376
1800
-1716
577
-108
-961
566
173
-2631
3638
-2483
-1410
4423
-5764
5109
-3925
2497
-1602
-594
2780
-4503
3256
-1114
-1741
2127
-1946
-892
2731
-4701
3236
-1618
-1471
1946
-2467
1202
-1561
73
189
-1750
232
597
-2491
2537
-2578
1189
-530
-661
1078
-912
-979
2329
-2472
1414
-261
-1330
3423
-4670
3912
-1632
-514
1638
-487
-835
2686
-2265
1590
664
-3011
5196
-4152
1728
776
-881
546
942
-1431
1959
-634
-640
2950
-2852
1174
2530
-4244
4472
-2666
2203
-1104
1410
19
-20
1453
-1231
2744
-2694
3384
-1589
942
157
845
-857
1117
434
-1072
2530
-2666
3555
-2632
1945
-466
160
156
-260
1122
-1750
2232
-2253
1827
-837
-663
1125
-282
-1215
1531
-155
-2415
3088
-1931
-715
2557
-3480
2471
-484
-1396
971
1064
-2712
1884
455
-2706
2756
-2646
2682
-3526
2090
-714
-826
-718
1425
-1119
-2231
5005
-6636
3604
-489
-2964
2746
-924
-3396
5542
-5500
1985
1371
-3431
2303
70
-1895
1387
1222
-4001
5483
-4893
2506
59
-1170
177
871
-1512
541
1098
-1842
1073
867
-2162
2145
-897
-789
1748
-1585
602
571
-1132
1687
-724
-852
3583
-5069
6096
-5358
3554
-1507
145
352
-1238
1634
-1386
252
594
379
-2310
4312
-4557
3109
-1505
296
162
-913
743
-1081
677
-457
598
-1810
3212
-3460
2632
-142
-2569
4778
-4575
3317
-772
-718
1537
166
-2076
4175
-3648
2096
703
-2026
2691
-1136
196
1776
-2339
2990
-640
-1735
3812
-2918
1663
346
-1058
1054
33
-465
1377
-1342
1917
-1670
1032
712
-2976
3896
-3195
157
2242
-4095
2482
-576
-2119
3453
-5348
4531
-2062
-2985
5449
-5864
2642
-790
-898
657
-1569
1438
-1954
374
747
-2090
1292
-237
-1569
2311
-2476
1175
113
-1028
695
-700
430
-37
-1478
3491
-3835
1545
2375
-4469
4193
-1139
-1069
1950
-754
15
629
317
-631
1538
-6
-856
1856
278
-2288
4359
-2461
-633
3288
-2817
410
2230
-2200
1486
571
-1097
1987
-2136
2020
-360
-1212
2816
-3380
1798
772
-2035
1011
651
-975
-370
2419
-2549
1103
1287
-1703
438
571
-155
-1496
1832
-1159
-1214
2863
-3334
1650
167
-1004
265
406
-1610
1169
-1016
-1062
1023
-688
-1090
548
421
-2360
1273
925
-3422
2665
181
-3808
4444
-3206
373
637
-95
-548
-460
2654
-4300
4194
-2298
-472
1649
-1072
363
-918
2044
-2185
920
192
-142
-7
981
-871
100
1668
-1813
1876
-1885
1928
-1528
301
965
-1882
1415
-257
-1203
838
-188
-1008
1717
-2553
2677
-2114
1147
-101
-95
-399
665
267
-1169
1379
-856
-514
578
-388
-530
441
-554
58
150
106
-761
1370
-786
-82
150
437
-1176
1560
-1401
810
-1126
1875
-1315
384
1163
-1799
2762
-2597
2352
-1342
676
-29
720
-1226
1923
-1070
1277
-229
485
577
225
862
-568
1148
111
-778
2114
-1337
1428
-172
199
1257
-951
2328
-1530
1629
-98
-160
150
839
-1344
1139
-486
-621
1648
-1686
1743
-417
-177
1174
-64
-582
1637
-456
-946
2111
-2367
2319
-2150
1628
-856
-696
2376
-2817
1242
683
-3128
2551
-454
-3741
4733
-4825
2671
-1382
-1035
1521
-1805
186
521
-2422
1383
-954
-1347
2052
-4315
3451
-2220
-1101
1751
-1900
-660
629
-399
-1644
1027
-1161
-331
-96
418
-1176
23
968
-1776
215
936
-2526
1358
-435
-855
161
-14
250
-2114
2848
-1682
-445
1811
-1547
723
-65
173
-1160
1053
-1107
555
-465
470
57
-1195
1760
-1340
1030
284
-842
1453
-961
150
946
-1919
1220
474
-1442
1402
431
-276
581
1712
-1750
1890
1243
-1726
1617
813
-913
282
2349
-2233
1428
979
-1411
1635
-109
-40
-154
1604
-1352
971
493
-679
934
-111
80
235
-102
643
351
-79
789
165
8
921
28
309
-235
893
-202
-453
1032
-641
-883
1672
-666
-919
2410
-2653
1924
-746
-17
555
-1324
1496
-1326
841
-1007
847
-527
132
111
-735
826
-1248
860
-130
-1191
812
-398
-943
207
-249
-1202
911
-1238
301
-65
-1036
528
-715
-374
-277
-39
-888
472
-1034
603
-1418
798
-1154
349
199
-954
1057
-936
686
-463
-52
359
-607
-61
814
-1549
756
-51
-1018
690
-533
-385
-118
-367
-71
-521
-379
17
-517
-381
319
-1001
154
151
-728
205
531
-1126
1213
-1005
590
244
-370
1705
-1059
1780
-553
1788
-457
1298
461
-55
890
86
814
-439
1548
-1674
1484
-411
343
191
771
60
268
1033
-882
1165
-375
869
-702
839
123
-1119
1509
-1062
365
450
-383
97
193
-103
-750
1280
-1327
299
517
-430
-152
82
50
-221
-55
-273
134
-837
1085
-1307
821
-662
298
111
-1048
1851
-1787
1116
-207
-160
353
-775
1207
-1476
741
135
-572
27
597
-1698
1054
-1204
-820
479
-2244
1271
-2309
576
-845
-1006
449
-1165
152
-738
-562
138
-893
191
-174
-85
420
351
319
430
466
263
357
813
336
766
754
2
973
150
959
-51
775
88
222
-546
313
-763
-136
272
-819
217
-44
-447
540
287
79
1102
-194
598
431
-20
644
90
117
1052
-497
1599
-734
1261
727
-903
1693
-1118
617
-192
24
-84
-476
153
-351
370
-175
675
-439
184
-54
-264
15
-684
140
-820
-438
-482
-794
-710
-24
-1284
29
-922
-788
-390
-765
-264
-1085
2
-1296
-66
-867
-151
-426
-903
942
-1684
1296
-382
613
727
415
1588
-228
2082
-270
1675
1001
487
1583
427
1004
1030
898
347
949
579
707
162
356
-19
350
-484
105
-86
-789
265
-575
-542
-579
-594
-643
-1553
-1147
-2024
-2797
-1630
-3164
-3032
-2018
-4407
-1984
-2779
-3765
-1646
-2840
-2648
-1214
-1672
-2062
-322
-1223
265
130
694
1669
934
3108
2123
2616
3896
2174
3812
3651
2530
3644
2445
2355
2501
1527
1774
1198
1013
1003
-3
759
-593
282
-148
125
566
501
1252
1028
2105
2492
2699
3529
3581
3485
4665
3608
4667
4580
4064
4255
3948
3973
3119
3843
2973
2004
779
-1805
-2574
-2086
-4231
-6127
-5682
-7456
-8398
-8860
-8577
-8394
-8210
-7061
-7795
-7066
-6826
-6192
-5454
-3452
-3018
-1309
-1150
186
1732
2551
4071
5425
5813
5867
6519
5805
6252
4981
6053
3731
3922
2057
666
29
-1329
-1672
-3391
-4097
-4650
-6172
-5789
-6766
-8027
-6484
-5291
-5199
-4532
-4162
-2871
-563
-179
2351
2209
3515
4484
4761
6810
6061
7288
8855
8045
8682
8006
7643
7657
7583
6989
6310
4873
3670
2899
2391
1064
365
937
-1793
-1223
-2701
-2451
-1832
-2842
-1909
-2424
-3026
-1788
-1545
-1577
490
835
1440
-152
-3146
-1197
-1553
-739
-2299
-3973
-4366
-6470
-5824
-4786
-4424
-5249
-4925
-6723
-5884
-6256
-5091
-4953
-4320
-3243
-3878
-3255
-2955
-882
-30
1916
2970
2676
3232
3508
4230
5190
5106
4978
4019
3177
2210
2346
1574
1129
544
-516
-1395
-2379
-2463
-3703
-3429
-4341
-5039
-4113
-3049
-3239
-3128
-2712
-1359
247
873
3112
2319
2277
4319
4806
5171
6941
6811
6656
7832
7114
6661
7898
6573
7517
6064
4976
4401
1938
3496
1959
1392
870
-1480
-1306
-2185
-2676
-2466
-3268
-3788
-4248
-5244
-4056
-4716
-4168
-2824
-3062
-2694
-2024
-2201
-4257
-3498
-3895
-2255
-3265
-4600
-5205
-6891
-5627
-5258
-3250
-4353
-4403
-3984
-5145
-3806
-2194
-1954
-2135
-452
-1805
-16
40
2043
4042
4025
6090
5256
5223
5683
6105
6781
6477
5747
5209
2972
2715
2926
1617
1893
140
-665
-2253
-3308
-2565
-3883
-3776
-4333
-5197
-6393
-5878
-4079
-2800
-2775
-2761
-2003
-1540
1136
1670
2793
2214
3260
4959
4712
6534
6564
6946
7437
7881
6957
7253
6436
5846
6241
4758
3765
2306
1721
1597
960
-400
-974
-2823
-2808
-3226
-3538
-3747
-4444
-4473
-5509
-4511
-4844
-4454
-3817
-3434
-3246
-2317
-1697
-1782
-2673
-2772
-3539
-3067
-2912
-5084
-5031
-6221
-6499
-6434
-4637
-5256
-4944
-5085
-5559
-4650
-4592
-2711
-2770
-1751
-1131
-764
530
1963
2844
4676
4974
6183
5999
6542
7345
7470
8258
7512
7331
5776
5498
5081
5043
4091
3595
1642
624
-300
-2118
-1768
-4184
-4493
-4718
-5729
-5511
-5706
-5931
-6166
-4430
-3956
-3488
-2316
-2707
-2149
-705
792
2236
2222
3284
3788
4066
5628
6274
6374
6353
6931
5620
6069
5669
4847
5528
4891
3264
2955
1378
1237
1332
1039
1089
-685
-2025
-1787
-1697
-2144
-1067
-2508
-2637
-3035
-2598
-1597
-1525
-781
-1166
-2819
-3960
-3650
-2981
-3532
-5075
-3969
-5129
-6667
-5638
-4835
-4696
-4398
-4123
-4809
-4843
-3852
-2316
-2598
-961
-671
-868
-222
677
2651
2725
4327
4526
4834
4224
5767
5714
5339
6439
4654
4354
3496
2713
2371
1450
500
-262
-1817
-3023
-3202
-4003
-5100
-4768
-6386
-6278
-6815
-5427
-5738
-6190
-5106
-4432
-2923
-3048
-1243
-1707
-1292
171
2452
2066
3483
4424
3627
5755
5844
6476
7290
6718
6867
6729
5977
6175
5589
5773
5738
4203
3814
2371
1900
2025
1514
1303
1
-1503
-1401
-1820
-2058
-2183
-3022
-2758
-4083
-3135
-3415
-3128
-2119
-2343
-1760
-3010
-2768
-2689
-2330
-1645
-1737
-1227
-1991
-2396
-1525
-1297
-190
98
179
-368
-497
38
-474
715
286
32
753
-411
670
797
938
1141
1183
1196
663
1124
1104
835
689
550
-539
-153
-1063
-1149
-1094
-1877
-1432
-2415
-2457
-3309
-3300
-3155
-3230
-3183
-3368
-3594
-2571
-1917
-2374
-1208
-944
-893
755
1070
1683
2104
2758
3055
3433
3918
3912
4465
4378
4568
4672
4278
4250
4277
3599
4151
3686
2899
2873
1619
1995
723
590
444
-1082
-357
-1595
-1883
-2042
-2552
-2448
-2059
-3236
-2469
-2818
-3007
-2430
-2277
-1794
-2669
-1575
-1806
-886
-668
-448
794
121
1164
978
1127
1716
1295
2082
1545
1922
1706
1714
1803
2197
2397
2086
1895
1593
1066
1023
648
-174
-304
-1045
-1515
-1644
-2445
-2039
-3069
-2855
-3298
-4120
-2948
-5118
-2977
-4238
-4488
-3733
-4825
-4550
-3771
-4608
-3116
-2989
-3410
-1994
-3094
-1619
-1740
-943
-259
369
579
1171
1832
1765
2487
2963
3136
3579
3736
3428
4276
3927
4201
3667
3225
3415
2682
3412
3021
2885
3179
2326
2578
1780
2027
1946
1179
1876
1001
1058
941
393
811
382
388
1026
347
160
683
-476
239
234
-516
657
-528
-73
148
-877
-5
-220
-531
-618
-964
-846
-1446
-868
-1131
-1096
-1371
-1281
-1149
-1114
-1077
-543
-805
-632
-521
-1261
-599
-1285
-464
-1238
-1029
-1383
-1616
-1562
-1557
-1987
-1925
-1959
-2471
-2188
-2306
-2145
-2400
-2175
-2732
-2183
-1741
-2377
-1395
-1604
-1831
-1003
-1235
-1009
-361
17
288
774
709
1200
1459
1726
2642
2516
2592
3046
3057
3229
3595
3498
3315
3214
3423
3108
3329
3651
3099
2911
3172
2367
2770
2225
2034
2302
1185
1680
814
430
297
-402
186
-187
-867
-490
-1810
-1330
-1965
-1977
-1765
-2609
-1518
-2804
-2119
-2235
-2749
-2034
-2490
-2217
-1911
-2194
-2072
-1732
-2282
-1423
-1639
-1415
-1318
-1421
-1058
-953
-133
-358
-179
-332
-269
-39
390
398
386
504
214
522
-221
490
26
-81
356
-763
333
-1149
-590
-690
-856
-708
-730
-680
-1231
-347
-1084
-353
-323
-447
-55
144
297
626
1112
760
1600
1034
1387
1700
1072
2014
1208
1819
1573
1293
1659
1163
981
1387
1383
1121
1380
869
1156
977
763
1289
501
315
463
3
146
-186
-81
-326
23
-260
-175
-118
-414
-255
-25
-390
20
129
-58
114
157
146
103
355
-225
630
22
486
780
295
1022
333
582
915
356
1199
673
916
720
691
730
414
600
208
305
19
-90
-224
-513
-748
-263
-904
-1140
-1168
-2051
-1498
-1899
-1856
-2199
-2782
-2572
-3327
-2519
-3124
-3054
-2926
-3382
-2673
-2891
-2683
-2234
-2043
-1527
-865
-874
-173
-16
416
1123
1143
1737
1743
2009
2426
2351
2535
2316
2343
2165
2156
1938
1757
1410
1138
681
415
306
-206
-744
-723
-1390
-1628
-948
-2200
-1565
-2402
-2243
-2324
-2374
-1754
-2056
-1351
-1673
-1035
-938
-530
217
438
1069
1593
1482
2282
2570
2628
3414
3249
3775
3365
3514
3513
3602
4099
3491
3854
3011
3093
2722
2758
2808
2011
2171
1348
1436
665
910
217
106
-20
-816
-807
-1318
-1463
-1639
-1469
-2021
-2011
-2301
-2741
-2601
-2865
-2569
-2808
-2851
-3104
-3096
-3024
-3569
-2490
-3069
-2788
-2306
-2654
-2210
-2077
-1976
-1767
-1245
-1344
-744
-665
-221
72
371
729
807
1350
1086
1329
1186
1166
922
961
672
632
334
128
193
-202
-229
-439
-361
-877
-790
-1133
-1255
-807
-967
-845
-414
-720
-534
170
10
675
973
944
1846
1265
1909
2386
2079
2651
2399
2727
2609
2740
2850
2689
2909
2887
2836
2913
2652
2692
2573
2250
2437
1985
1833
1853
1677
1225
1328
1079
650
445
33
-289
-542
-653
-1155
-1245
-1993
-2214
-2347
-3362
-3101
-3804
-4084
-4168
-4512
-4716
-4829
-4898
-4583
-4654
-4153
-4207
-3957
-3236
-3098
-1929
-1820
-1018
-558
-257
301
1163
1585
2213
2771
2856
3645
3483
4051
4079
3964
3760
3714
3233
3131
2640
2219
1999
1089
922
139
-143
-804
-825
-1442
-1913
-1780
-2846
-2311
-2698
-2965
-2431
-3062
-2780
-2265
-2563
-1579
-1353
-1369
-656
-591
-343
116
252
662
859
1161
1623
1582
2410
2143
2468
2734
2567
2866
2902
2566
2807
2256
2282
2409
1605
2047
1230
1348
806
762
696
290
163
-490
-399
-981
-1241
-1473
-1692
-2404
-2233
-2894
-3150
-2780
-3668
-2990
-3452
-3441
-3499
-3484
-3284
-3376
-2949
-2870
-2688
-2221
-1605
-1576
-625
-646
-185
724
546
1606
1860
2049
2720
2932
3372
3627
3910
4098
4086
3988
3969
3950
3676
3590
3172
3086
2557
2576
1827
1832
1131
944
546
-224
-66
-979
-831
-1212
-1485
-1823
-1586
-2437
-1928
-2099
-2605
-1845
-2422
-1744
-2096
-1934
-1879
-1967
-1490
-1552
-957
-806
-833
-600
-271
-179
287
621
1181
1111
1661
1651
1781
2167
1950
2500
2195
2292
2013
1889
1546
1310
1239
432
166
-374
-807
-1115
-1511
-1813
-2291
-2715
-3384
-3810
-3998
-4372
-4404
-4477
-4807
-4816
-5109
-4701
-4275
-4267
-3271
-3128
-2775
-1808
-1827
-928
61
17
1266
1554
1728
2646
2643
3343
3694
4146
4116
4417
4585
4295
4473
4391
4383
4301
3927
3485
3554
2848
2566
2372
1519
1550
1075
777
774
491
208
157
-227
-161
-269
-294
-320
-31
-376
-71
130
-30
352
281
540
492
835
849
942
1154
1126
1360
1097
1061
1100
884
865
632
517
116
23
-234
-586
-484
-1205
-1292
-1676
-2063
-2019
-2755
-2748
-3149
-3785
-3372
-4137
-4051
-4212
-4640
-4306
-4490
-4688
-4307
-4586
-4345
-4014
-4162
-3477
-3707
-3068
-2457
-2409
-1751
-1191
-994
-100
416
629
1294
1507
2137
2508
3002
3224
3586
3886
4157
4483
4729
4934
4899
5133
4855
4915
4498
4439
4223
3511
3598
2756
2692
1954
1614
1164
353
363
-359
-476
-1011
-1148
-1617
-1742
-2102
-2299
-2102
-2362
-2054
-2074
-1557
-1744
-1541
-1299
-1519
-1005
-942
-777
-194
-276
78
438
315
829
795
1081
1398
1127
1705
1253
1420
1382
1104
1412
1040
905
904
367
287
48
-158
-379
-797
-1099
-1578
-1793
-1698
-2096
-2188
-2402
-2869
-2712
-2963
-3067
-2756
-3071
-2780
-2636
-2874
-2464
-2584
-2278
-2016
-1696
-1598
-1299
-1222
-954
-450
-200
-41
416
526
610
1201
930
1651
1496
1617
1868
1556
1747
1878
1852
1848
2007
1771
1564
1406
1444
1211
1433
1156
921
811
511
437
378
415
142
187
-29
-194
-9
102
81
356
378
399
513
535
740
672
1161
864
1004
1085
823
1105
1085
1184
1178
1298
916
1343
1035
1446
1499
1260
1478
1091
1215
1073
1155
1224
1312
1266
1308
1044
815
621
412
503
277
-95
-76
-732
-1052
-978
-1672
-1627
-1883
-2373
-2298
-2740
-2864
-2993
-3405
-3446
-3713
-3838
-3923
-3983
-3927
-3807
-3797
-3540
-3498
-3276
-3013
-2826
-2345
-2077
-1839
-1419
-1243
-940
-529
-275
22
403
664
854
1266
1313
1506
1682
1720
1707
1752
1667
1647
1677
1842
1520
1728
1552
1406
1644
1312
1720
1412
1546
1502
1657
1432
1760
1782
1795
2098
1904
2200
2043
2336
2246
2496
2491
2392
2493
2430
2441
2254
2431
1982
2203
1880
1830
1718
1405
1392
889
912
734
465
301
202
-104
-125
-314
-463
-571
-811
-1077
-945
-1265
-1320
-1206
-1545
-1408
-1628
-1502
-1654
-1690
-1655
-1924
-1605
-1926
-1918
-1671
-2152
-1733
-2029
-2161
-1968
-2397
-2375
-2381
-2579
-2500
-2553
-2476
-2587
-2456
-2608
-2654
-2353
-2568
-2329
-2182
-2285
-1997
-2036
-1943
-1668
-1793
-1435
-1536
-1369
-1144
-1018
-833
-682
-691
-602
-217
-275
279
354
639
913
996
1374
1558
1740
2114
2163
2591
2490
2698
2955
2890
3475
3151
3319
3348
3166
3308
3353
3343
3238
3112
2960
2784
2670
2551
2363
2116
1748
1616
1350
1286
1073
1003
738
559
570
383
330
425
242
59
186
-128
73
-2
-206
-22
-280
-303
-175
-309
-151
-359
-168
-471
-408
-373
-724
-464
-681
-802
-827
-1030
-1192
-1313
-1420
-1622
-1648
-1853
-1802
-1870
-2086
-1847
-2278
-2163
-2169
-2344
-2195
-2206
-2346
-2083
-2071
-2220
-1909
-2159
-1937
-1986
-1779
-1784
-1724
-1431
-1571
-1272
-1192
-1159
-846
-823
-655
-497
-345
-156
-52
270
397
592
910
951
1272
1401
1411
1664
1641
1844
1794
2050
1988
2163
2319
2170
2377
2270
2308
2299
2321
2092
1897
1807
1444
1414
1171
1047
818
555
558
188
274
123
-78
99
-110
-347
-57
-386
-477
-297
-546
-390
-286
-258
-59
38
157
377
334
608
607
927
809
920
866
663
888
706
816
632
525
443
266
114
-57
-417
-674
-732
-1086
-1140
-1325
-1559
-1618
-1916
-2108
-2094
-2346
-2332
-2437
-2483
-2589
-2452
-2325
-2450
-2114
-2311
-2164
-2031
-1947
-1636
-1443
-1338
-1173
-1177
-922
-844
-600
-293
-239
75
81
406
517
813
948
1362
1226
1567
1791
1681
2083
1902
1949
2014
2013
2026
2259
2235
2238
2165
2031
2073
1987
1884
1903
1796
1692
1507
1269
1078
961
826
569
602
248
197
41
-132
-218
-317
-380
-536
-362
-434
-356
-330
-296
-243
-338
-16
-37
61
101
137
198
112
302
394
324
387
383
404
290
287
119
-133
-186
-435
-477
-594
-756
-905
-986
-1272
-1441
-1426
-1524
-1589
-1648
-1828
-1890
-1939
-1927
-1869
-1781
-1830
-1731
-1632
-1745
-1509
-1528
-1451
-1265
-1269
-1024
-960
-867
-669
-452
-259
-154
134
310
414
636
797
817
958
1071
1141
1264
1362
1509
1455
1592
1493
1558
1469
1374
1492
1360
1382
1473
1250
1315
1194
984
1078
744
806
496
413
263
-28
-108
-328
-472
-567
-490
-713
-587
-750
-713
-608
-650
-645
-636
-533
-607
-457
-443
-382
-264
-161
-30
67
113
287
239
417
546
448
505
518
307
439
380
243
454
197
72
95
-161
-358
-235
-540
-632
-591
-887
-994
-970
-1064
-1041
-877
-985
-887
-869
-905
-707
-779
-682
-656
-658
-527
-503
-400
-347
-246
-336
-190
-242
-40
44
64
236
150
261
336
462
428
779
731
1124
1195
1353
1572
1595
1924
1785
2165
1854
2065
2003
1944
2036
1859
1803
1810
1698
1676
1538
1207
1193
780
729
599
127
132
-243
-451
-375
-934
-918
-1063
-1196
-1210
-1179
-1306
-1367
-1284
-1274
-1270
-1132
-1134
-1046
-818
-988
-646
-670
-649
-425
-462
-491
-362
-346
-372
-383
-391
-453
-510
-520
-689
-635
-866
-872
-1062
-1195
-1162
-1411
-1316
-1374
-1490
-1487
-1419
-1444
-1347
-1330
-1293
-1410
-1328
-1344
-1279
-1118
-1071
-846
-885
-601
-529
-254
-57
112
334
387
679
965
1115
1305
1606
1492
1728
1875
1818
2112
2089
2066
2267
2177
2095
2347
2047
2120
2140
1963
2075
1862
1698
1523
1361
1185
1048
706
576
216
-30
-111
-524
-499
-753
-814
-924
-1043
-1044
-1059
-1084
-1152
-1241
-1135
-1181
-1130
-887
-845
-666
-430
-518
-289
-171
-165
103
73
158
182
218
234
239
350
239
29
92
-230
-229
-224
-443
-452
-575
-729
-702
-789
-842
-833
-960
-980
-923
-925
-973
-902
-913
-824
-854
-748
-813
-585
-475
-398
-228
-159
82
202
434
481
628
612
823
844
1033
1068
1002
1278
1052
1320
1260
1148
1241
1130
1058
1025
1114
917
1045
883
937
760
726
719
612
572
479
447
247
349
40
98
-89
-281
-389
-510
-644
-818
-851
-1122
-991
-1292
-1268
-1240
-1329
-1259
-1329
-1245
-1310
-1123
-971
-903
-646
-614
-519
-346
-262
-183
46
129
265
388
505
656
689
810
736
801
843
713
806
687
476
575
396
365
396
142
162
-52
-142
-223
-382
-396
-684
-653
-711
-894
-855
-921
-1020
-846
-844
-767
-602
-510
-459
-335
-280
-199
-76
34
101
312
375
452
570
561
605
705
747
762
891
664
898
778
887
896
886
983
818
987
879
831
895
873
742
897
729
714
621
473
458
304
231
-55
-4
-222
-357
-340
-579
-669
-750
-821
-944
-930
-1093
-1139
-1141
-1251
-1151
-1218
-1184
-1202
-1045
-1030
-1024
-850
-938
-797
-783
-620
-561
-445
-370
-334
-143
-147
-48
73
221
241
434
453
459
620
651
578
666
672
566
653
584
515
507
488
416
504
402
405
326
426
314
330
365
139
232
36
44
90
45
85
105
24
67
42
102
136
128
299
237
248
453
435
469
586
533
505
555
388
521
417
349
357
322
351
240
340
282
232
198
188
-54
29
-114
-135
-166
-330
-333
-346
-458
-511
-503
-676
-654
-690
-689
-748
-735
-800
-809
-794
-800
-743
-601
-648
-619
-633
-704
-602
-631
-561
-616
-615
-580
-580
-459
-469
-468
-441
-428
-435
-300
-479
-311
-394
-500
-360
-384
-320
-257
-77
-120
64
34
104
119
252
272
329
581
419
648
584
568
608
653
594
599
639
505
605
538
507
381
346
248
205
183
156
117
83
136
39
-103
-83
-112
-117
-142
-216
-100
-121
-178
-97
-51
-32
124
120
381
334
520
592
606
838
848
873
986
1023
1086
1201
1078
1089
1007
986
982
927
847
820
778
677
570
498
255
140
16
-170
-194
-442
-593
-657
-888
-916
-1034
-1070
-1065
-1200
-1149
-1253
-1221
-1132
-1182
-1083
-984
-941
-793
-668
-689
-527
-423
-392
-240
-232
-79
-30
56
201
37
262
138
243
271
252
327
295
245
219
245
94
214
45
185
43
93
140
87
193
73
99
50
57
-3
29
-50
-28
-10
-50
23
38
-6
-24
-35
-151
-85
-171
-112
-107
-170
-125
-146
-94
-123
-54
-8
44
126
227
321
400
523
652
667
892
843
923
1049
1082
1135
1166
1164
1056
1028
960
895
806
638
504
353
84
-37
-175
-444
-590
-808
-1027
-1157
-1340
-1347
-1531
-1549
-1548
-1605
-1617
-1584
-1536
-1481
-1444
-1372
-1214
-1209
-952
-872
-626
-449
-406
-162
-102
75
224
342
352
421
407
487
473
482
507
410
356
270
218
199
224
75
75
-43
-152
-176
-209
-172
-210
-226
-255
-269
-258
-241
-206
-178
-168
-242
-155
-122
-118
20
76
172
321
411
476
720
812
912
1040
1084
1170
1254
1306
1394
1374
1442
1352
1303
1267
1181
1180
1110
1101
1007
915
928
853
764
720
569
570
384
375
251
50
-57
-274
-302
-470
-517
-706
-712
-827
-856
-898
-899
-833
-961
-812
-942
-852
-830
-899
-840
-925
-853
-818
-735
-622
-575
-575
-559
-557
-490
-381
-418
-330
-377
-429
-511
-501
-534
-567
-489
-558
-469
-450
-452
-365
-382
-351
-359
-362
-323
-273
-212
-209
-232
-179
-227
-202
-141
-182
-89
-59
-35
63
15
60
142
171
283
339
465
489
595
642
661
727
812
835
907
960
873
957
897
1004
982
973
914
842
835
721
778
631
613
470
407
291
175
102
-54
-84
-252
-269
-408
-448
-517
-583
-654
-762
-784
-851
-826
-831
-749
-760
-641
-632
-531
-417
-360
-151
-117
-54
88
182
201
348
311
435
481
479
560
433
484
356
368
372
350
334
166
67
-82
-174
-251
-260
-381
-372
-470
-461
-467
-560
-405
-536
-455
-525
-499
-426
-426
-255
-327
-225
-287
-274
-229
-155
-107
-9
57
67
169
155
256
224
217
284
326
347
324
436
437
493
519
563
625
636
751
710
772
735
829
759
694
759
598
683
593
555
417
394
290
164
152
-32
-47
-208
-251
-419
-496
-511
-644
-653
-742
-693
-838
-734
-772
-696
-659
-622
-561
-556
-365
-386
-256
-305
-154
-225
-142
-81
-58
51
11
85
-27
93
13
91
56
-46
-15
-186
-165
-211
-248
-253
-337
-417
-471
-543
-594
-611
-818
-807
-880
-992
-949
-997
-923
-899
-869
-754
-679
-623
-381
-310
-175
-19
41
178
349
516
620
736
812
909
1036
1155
1224
1332
1376
1516
1577
1574
1573
1558
1544
1513
1524
1493
1413
1353
1219
1105
1007
860
808
629
532
396
284
148
43
-43
-197
-270
-411
-464
-542
-551
-632
-656
-701
-737
-737
-691
-670
-671
-587
-674
-647
-697
-716
-658
-677
-660
-699
-746
-824
-874
-887
-926
-881
-905
-963
-936
-989
-894
-869
-846
-802
-781
-831
-736
-702
-625
-578
-591
-451
-578
-420
-396
-373
-266
-293
-255
-176
-110
-67
30
115
200
205
250
348
305
430
490
658
692
819
882
946
1148
1133
1339
1365
1528
1574
1652
1652
1713
1663
1602
1637
1524
1499
1448
1345
1290
1178
1059
1006
844
730
663
526
451
382
231
38
-86
-212
-401
-462
-649
-798
-894
-981
-1038
-1062
-1013
-1059
-1055
-1016
-1027
-1045
-980
-1006
-894
-826
-859
-697
-752
-676
-667
-669
-666
-742
-682
-712
-733
-730
-787
-823
-754
-804
-734
-692
-650
-616
-548
-421
-419
-342
-331
-306
-262
-235
-172
-171
-137
-74
-7
25
116
112
238
321
265
478
408
477
522
449
572
474
523
613
529
638
592
560
645
607
658
602
576
616
549
558
480
479
462
395
414
396
405
364
300
282
229
147
96
80
4
-35
-97
-154
-185
-207
-252
-361
-380
-495
-521
-543
-547
-505
-586
-478
-498
-444
-362
-411
-332
-280
-229
-95
-122
-41
51
59
160
158
214
230
254
353
344
356
467
367
425
394
407
426
401
417
432
456
448
482
370
398
285
324
256
161
190
54
86
31
18
8
33
75
72
91
138
244
208
325
285
340
305
251
314
198
179
116
56
-23
-20
-55
-45
-183
-196
-269
-370
-419
-522
-454
-617
-646
-754
-890
-887
-945
-951
-928
-991
-975
-941
-953
-930
-977
-983
-975
-942
-905
-889
-872
-780
-691
-606
-512
-366
-254
-156
-77
0
87
188
312
407
458
517
559
579
668
653
662
658
629
679
702
706
692
661
602
579
544
523
497
468
415
322
246
97
93
25
-57
-57
-127
-176
-182
-163
-201
-103
-82
-105
0
-35
46
90
117
207
224
310
314
385
455
477
539
580
554
649
645
636
673
600
609
577
581
552
542
515
426
340
348
256
264
176
71
140
44
41
37
-21
-1
-58
-26
-85
-168
-162
-262
-273
-304
-351
-325
-373
-360
-356
-412
-373
-367
-342
-303
-283
-209
-182
-110
-78
-61
-55
6
65
101
225
162
178
138
93
69
35
25
-14
-78
-165
-170
-274
-352
-377
-493
-484
-607
-686
-764
-905
-1008
-1134
-1193
-1310
-1314
-1364
-1355
-1362
-1325
-1329
-1299
-1215
-1149
-982
-937
-813
-704
-579
-417
-361
-113
-18
43
288
308
360
483
471
588
686
655
786
791
810
815
801
752
768
775
804
759
753
789
767
816
742
779
720
695
642
629
576
477
490
375
376
311
219
195
125
92
89
72
37
4
60
-12
29
-22
-16
-15
2
50
151
287
350
453
599
698
743
841
870
962
957
1021
1028
1011
1070
977
952
836
765
709
546
446
263
102
-48
-180
-336
-434
-606
-702
-829
-958
-1048
-1136
-1168
-1306
-1340
-1407
-1434
-1462
-1425
-1393
-1330
-1312
-1264
-1181
-1124
-965
-880
-811
-706
-624
-526
-464
-314
-196
-117
38
85
171
249
288
314
345
345
290
274
297
273
252
267
221
199
258
234
187
147
148
127
70
24
11
46
-13
41
-14
-80
-15
-89
-88
-98
-79
-18
-4
35
66
116
181
238
267
381
468
463
552
629
641
688
724
752
778
753
804
726
679
677
555
521
456
309
306
213
144
154
29
72
-16
-118
-122
-228
-227
-301
-330
-311
-326
-375
-346
-332
-341
-275
-280
-247
-262
-224
-231
-186
-190
-162
-127
-151
-106
-77
-57
-16
29
26
48
-1
46
21
0
-2
-26
19
19
0
15
-22
-39
-43
-114
-127
-148
-171
-169
-200
-271
-357
-418
-549
-613
-646
-687
-682
-686
-681
-636
-551
-579
-508
-472
-444
-358
-290
-227
-187
-99
-45
12
43
103
205
287
348
406
444
501
517
546
585
496
558
529
499
508
430
434
382
352
305
234
185
186
68
76
-12
-83
-100
-132
-137
-213
-267
-296
-291
-377
-369
-402
-367
-363
-319
-278
-244
-220
-204
-183
-107
-85
35
100
171
325
431
562
704
754
884
916
971
1020
980
1066
1013
1085
1024
952
865
784
685
536
472
348
260
156
95
34
-53
-144
-226
-421
-547
-717
-1136
-1240
-1541
-1491
-1473
-1111
-908
-378
-12
283
544
401
505
57
-140
-489
-614
-720
-458
-151
216
783
1094
1401
1472
1345
1038
709
156
-148
-467
-544
-541
-317
-146
-36
169
-38
-416
-718
-1320
-1564
-1765
-1871
-1718
-1670
-1358
-1098
-977
-805
-836
-875
-950
-942
-1049
-915
-822
-637
-590
-524
-406
-470
-346
-410
-352
-316
-345
-299
-348
-266
-320
-352
-279
-335
-419
-259
-238
-214
159
287
490
881
1274
1593
1734
2031
2015
1974
1931
1905
1859
1851
2042
1762
1710
1872
1970
1327
1842
1673
736
1560
1032
293
768
306
63
261
21
148
-23
-192
-143
-536
-511
-408
-544
-163
169
590
820
1011
1233
1167
1353
1327
1127
1039
1025
729
601
697
329
270
717
-300
-108
397
-1147
-703
-428
-1530
-1357
-1193
-2163
-1424
-2259
-1545
-2158
-2295
-1521
-2384
-2100
-1999
-2103
-2279
-1671
-2289
-1923
-2026
-1781
-1875
-1748
-1520
-1188
-1299
-937
-1115
-643
-965
-1125
-630
-1177
-804
-473
-248
-557
625
-231
231
262
245
89
537
275
270
811
190
1195
692
784
1412
824
761
1532
692
1613
1255
1497
1609
1595
1759
1178
1677
1176
1261
1097
729
745
620
882
446
947
1509
732
1933
1140
1257
1324
841
809
531
684
928
364
724
1232
605
1176
638
1179
715
339
1116
-32
-190
1018
-799
-89
-99
-779
-107
-1084
-464
-929
-1246
-890
-815
-1609
-763
-797
-1529
-1156
-1360
-1237
-2148
-1186
-890
-2283
-1028
-1465
-2002
-978
-1493
-1898
-768
-1267
-1646
194
-1468
-355
7
-796
-1
-375
486
-338
633
-308
543
-32
-101
488
492
224
721
707
-550
1482
280
-349
1034
-142
-404
442
-120
347
535
-40
851
265
79
958
-593
796
365
180
645
321
99
896
-60
207
1277
-286
2271
-257
1580
1327
316
952
1401
242
640
1334
-134
1043
688
451
869
-311
635
333
-891
888
-1021
-549
177
-933
-550
-394
-1283
-603
-840
-1446
-562
-356
-1813
-156
-727
-1613
-989
-701
-1329
-367
-761
-360
-675
-129
-209
101
-1147
608
352
-648
897
-244
1219
-415
1597
-253
537
932
593
203
842
544
132
1401
-1064
2088
197
276
398
1523
-616
490
1540
-204
77
1384
0
-995
1709
-648
204
717
-16
-153
958
-606
541
-120
-232
277
-1361
207
-650
-857
98
-424
-917
1081
-1369
297
408
-465
-41
-161
455
-1311
1272
155
-580
296
642
-1117
498
-259
-214
-219
570
-574
-239
-456
-1193
58
-1050
-1059
-122
-922
-932
-272
-1494
-310
-1297
-1013
-684
-1220
-859
-532
-515
-1199
115
-924
-1219
273
-1163
-741
409
-521
-1163
1709
-1185
-523
2441
-1400
1446
1274
-217
1675
612
505
1998
-519
1995
1227
-496
3051
-516
944
1974
-289
1271
1634
566
908
981
712
744
36
1220
392
422
1239
978
-457
619
616
-1723
944
920
-2065
1927
-557
-830
579
-549
-342
163
111
160
76
365
127
-659
1387
-1211
82
1680
-1557
794
1003
-821
854
1
24
218
219
-292
132
-830
-683
-740
-968
-883
-983
-197
-1874
-767
-1925
-1027
-1680
-1833
-359
-1217
-1616
-418
-1367
-2191
-4
-1697
-1695
-343
-999
-1096
-359
-356
-1332
-207
-825
-229
72
-264
729
995
-423
1731
582
580
1318
823
619
1106
773
995
469
1228
697
1057
907
764
486
1062
616
-374
1609
-677
805
539
-234
188
516
-1387
1166
8
-869
1737
-507
-147
1450
-781
193
940
-492
346
1332
-1311
1441
725
-1046
1566
638
113
709
62
818
335
203
990
326
-595
1178
19
-104
329
121
31
-567
-94
262
-1082
154
182
-1342
722
-242
-2021
1838
-1345
-1824
1642
-2546
-492
197
-2473
-73
-818
-1762
-378
-1348
-1091
160
-1583
-565
-439
-1386
186
-882
-403
-665
697
-1351
294
522
-1705
1219
224
-635
581
543
-738
391
772
-115
898
720
-83
632
500
205
668
387
523
614
134
23
674
588
-671
591
1044
-483
967
1370
-996
1621
204
-111
576
763
-499
1294
-297
80
904
66
967
-337
1916
-601
891
619
497
-356
1868
-850
952
1609
-1283
1912
-185
534
36
735
-57
34
596
166
-533
568
56
-931
706
-374
-290
-423
45
-629
-1291
3
-224
-1370
-36
-128
-697
-846
558
-1102
-764
663
-2254
127
-86
-685
-1063
227
-535
-471
497
-578
-58
-184
-135
-1483
718
-1282
-1049
674
-1252
-355
-394
-560
-484
-58
-1016
-693
-290
-603
-850
465
-1632
24
-609
-675
-804
-31
-682
-1219
1082
-920
-949
1423
-1240
-550
1730
-1659
-571
1524
-1118
-381
1862
-1489
648
1143
-485
532
779
408
567
815
166
899
257
787
-314
1088
594
16
2202
103
-41
2164
-997
726
1054
-728
1519
-162
352
220
447
-245
1103
-141
-86
1078
-535
485
-204
682
-515
337
617
-367
1047
529
-265
691
120
442
28
367
604
161
761
576
299
626
731
-66
1042
-183
1127
-663
850
-466
45
106
-1487
1126
-540
-22
-8
171
-1207
788
-1278
-430
-202
-766
-184
-1268
-260
-793
-1175
-53
-2012
819
-1174
-1040
484
-1028
-972
392
-1051
-406
501
-1132
1035
-847
136
279
-746
61
975
-1124
1341
-282
-681
1141
-115
-284
366
805
-864
1295
177
-884
1556
-261
-644
1146
-440
-246
1010
-531
-1077
899
-991
-665
487
-438
-1
107
-779
-486
323
-1837
15
-162
-953
35
119
-1238
156
331
-2148
944
546
-1431
753
1289
-894
51
1511
-1433
233
798
158
151
1288
-57
274
902
-499
966
337
-56
654
643
-714
1067
407
-981
1358
-561
-433
651
-66
-659
305
183
-694
-73
594
-734
612
259
-383
191
-431
-322
657
-566
35
729
-475
538
593
-11
110
1008
-787
1476
-385
746
1244
-612
583
929
-858
482
1142
-892
935
-26
-70
-276
259
-237
-130
605
-245
-128
-74
-84
-894
303
-885
-20
-523
-282
-817
193
-127
-1179
369
551
-1808
510
927
-1769
992
34
-603
85
465
-550
-128
1106
-484
-129
1111
-711
249
1751
-1071
496
1139
25
96
-75
1087
-1341
809
523
-1653
1637
449
-1916
1607
-505
-1517
982
-818
-196
-606
880
-1554
-447
379
-1356
-774
615
-1382
-820
978
-2444
354
-500
-365
-471
-308
195
-302
237
-27
-745
1008
165
-456
1239
495
921
89
887
1075
-1285
1400
917
-1008
1691
59
-890
1536
-795
-615
1355
-914
-57
914
-92
-977
438
190
-1174
-174
817
-1552
579
253
-432
-447
235
373
-788
698
780
-171
-241
1513
-1287
-379
1509
-830
-547
2092
-874
-708
1370
-637
-97
698
-224
-214
722
-51
-500
-1107
1440
-1450
-1054
1549
-2045
-238
262
-874
-2359
993
-1222
-1153
274
-604
-592
-801
507
-1487
-143
-120
-219
-886
607
-1189
-546
968
-1779
406
1001
-621
195
1091
-148
811
410
513
942
55
844
521
-35
593
1540
-718
902
1951
-765
1333
1582
697
228
1845
449
-329
1493
721
-242
779
1227
339
195
1477
-109
864
106
450
260
-334
1701
-687
-187
1708
-777
-428
1563
-1172
125
855
-1015
-193
450
-946
-602
212
-437
-718
-1
519
-1542
193
-151
-970
-410
173
-914
-561
-271
-119
-1758
-227
-29
-2365
496
-422
-1312
-653
-219
-1073
-751
-176
-838
-1027
-66
-185
-1583
112
-507
-1261
-365
287
-1245
-741
941
-1519
-290
-85
-97
-898
844
21
501
-382
1227
-580
204
1123
-206
368
1107
17
506
662
696
497
388
1066
446
520
666
56
291
856
-819
1045
724
-708
849
644
-694
246
1043
-599
-186
618
427
-748
376
493
-972
-410
454
-1084
-57
815
-1171
62
704
-1003
328
-93
-276
744
-924
710
-86
-994
735
-535
-243
-78
-52
1639
-1581
761
721
-1671
1001
461
-1678
1663
470
-1229
1002
-104
-772
649
291
-564
955
119
-69
-43
559
-1187
697
94
-617
570
345
-739
426
411
-1026
216
680
-603
-389
1057
-367
-717
867
-255
-208
-2
275
-46
-174
807
-500
465
-221
665
-487
628
837
-411
236
1056
-499
2
1721
-656
641
813
282
-69
649
117
56
121
836
-140
-262
333
-445
396
-793
204
-244
-64
-323
-13
-1324
-6
-270
-1055
-305
-324
278
-1245
501
-868
-707
599
-706
-975
1399
-465
-1028
155
42
-1031
-484
300
-628
-587
63
-638
-1046
40
-140
-554
-720
484
-355
-1327
343
290
-2202
521
-267
-1282
424
-349
-740
-451
-6
-249
-492
194
-357
680
-143
-637
869
-413
-281
408
475
-367
828
784
196
-432
1507
84
-242
1336
881
-483
842
1421
-987
1231
726
549
613
796
1080
653
372
1751
184
399
2124
-89
784
1386
221
916
92
576
929
-423
1187
-390
645
-118
-48
-274
-330
863
-1140
688
-767
529
-329
-587
672
-219
-81
201
-66
-102
-120
-127
-388
-205
-102
-119
-77
-463
548
-940
-203
136
-803
-404
-20
-247
-1036
336
-1547
388
-941
-1009
501
-754
-1258
709
-1516
-1237
507
-1676
-782
315
-1185
-613
288
-1724
864
-1256
-311
262
-320
-802
812
-536
-1296
896
-197
-1275
590
577
-1795
1412
-95
-778
76
935
-1183
59
995
-368
116
-41
1027
-752
563
641
-271
487
830
77
-41
1081
-99
593
-271
1310
233
-733
1407
521
-864
781
1382
-1625
1186
819
-1159
405
655
-287
-779
1447
-774
-292
927
85
-516
195
505
-479
-381
95
612
-1203
-6
1148
-1002
-604
1196
-72
-1071
1001
776
-1049
871
1141
-986
-112
1370
-455
-383
906
671
78
-197
2164
-743
91
1086
313
-564
499
1498
-1190
130
1673
-545
-1059
2190
-630
-668
1171
244
-1230
406
376
-999
-709
-1
-121
-1389
-208
508
-1276
-755
1536
-1644
-871
1155
-1178
-667
406
-967
-454
-123
-419
-206
-973
767
-290
-1621
962
-67
-1550
652
-646
-392
-377
-591
359
-1091
-345
894
-1679
162
541
-990
504
-363
-538
605
-959
-424
1508
-1638
804
1092
-1664
563
863
-1175
64
1279
-757
359
97
616
-146
-314
1213
183
-279
1665
492
-242
1426
302
185
662
803
378
52
1363
288
-601
970
459
-723
1001
612
-579
1161
333
-615
1541
-742
986
563
-223
1136
-44
-99
249
606
-319
646
118
1109
-490
-119
1104
-1378
146
391
-1118
354
-30
-432
-277
-255
-747
-126
-215
-496
-280
643
-605
-447
566
-1138
296
-298
-197
203
-483
-345
223
-829
-337
705
-594
-275
632
449
-1168
595
531
-1309
503
419
-583
153
122
-469
202
-1048
-295
637
-2084
573
554
-2144
344
535
-1595
193
79
-815
777
-1102
473
128
-1678
805
-242
-1366
275
618
-1266
-161
662
-906
-869
658
156
-1289
900
-439
-172
-412
-228
212
-536
410
-145
-71
-116
-182
27
-146
-836
1109
-1060
63
781
-582
14
190
-479
369
93
-541
1141
42
-39
921
-10
109
716
858
-131
994
825
241
542
602
431
1414
-500
1262
698
306
949
546
1157
-554
1604
776
-167
775
1832
-592
8
1763
-343
-554
1973
117
-796
1675
164
-716
933
-43
-743
397
-76
-790
-67
-331
-754
-281
-131
-941
-334
-739
-120
-903
-1183
-63
-1265
-1259
-541
-760
-1361
-342
-501
-1279
-758
-170
-1052
-806
211
-1230
-529
386
-1020
-768
546
-1131
-549
344
-1175
-373
-162
-715
-406
-157
-697
56
25
-668
365
222
-239
-37
801
-459
182
759
-55
44
464
658
40
507
892
333
823
481
1047
188
609
1607
-146
825
1867
-196
716
1955
-813
1361
1120
31
955
811
521
718
631
440
708
490
293
475
946
-59
575
1131
-491
748
737
-507
873
308
-502
687
200
-1225
1228
-265
-1273
868
-373
-959
74
-46
-1535
324
-898
-657
-164
-1069
-421
-423
-712
-593
-409
-803
-507
-56
-998
-718
340
-1212
-242
-49
-659
-890
196
-877
-580
-214
-319
-235
-578
162
-487
-32
-365
-8
-816
491
-1384
206
-40
-1363
184
123
-1394
-48
312
-1106
-7
24
-145
-499
450
-100
-283
83
260
-372
370
248
-283
119
665
-280
-200
1022
-465
447
614
690
-95
704
676
111
564
691
439
371
1216
-88
680
928
56
521
286
282
624
106
812
731
18
556
816
-742
1175
352
-271
929
217
-190
433
469
-331
399
453
11
-46
244
34
-608
465
252
-405
188
468
-743
243
520
-677
347
512
-230
-121
512
-23
-755
367
326
-1412
580
554
-1439
144
709
-1380
-371
502
-514
-1029
929
-664
-950
244
-188
-1011
-203
222
-1290
-147
-162
-764
-879
196
-594
-1365
193
-412
-1275
347
-647
-1105
-235
-402
-740
-775
147
-490
-1069
-26
-375
-1135
-72
-375
-944
-113
61
-877
-101
422
-634
-429
1000
-540
-229
916
90
-82
570
525
-445
404
885
-10
472
685
130
87
496
86
57
431
514
-325
368
549
-62
275
533
174
223
1054
-448
562
507
-192
233
653
103
638
742
419
731
421
765
219
745
403
593
673
384
-40
682
-139
101
356
182
433
133
156
223
-285
138
400
-481
396
552
-278
70
143
-328
52
-154
-63
438
114
-121
135
-264
-257
-50
-202
-53
261
-342
-188
234
-589
133
32
-78
64
81
-45
-429
143
-502
-127
190
-382
247
101
-492
182
-79
-264
396
213
-111
60
242
-262
-177
408
-320
-534
316
-425
-308
135
-312
-274
-252
82
-818
-370
203
-812
-167
60
-684
-256
-208
-597
-117
-236
-659
171
-220
-721
55
-442
-877
226
-489
-902
694
-398
-634
602
-403
-641
320
-231
-459
840
-305
-123
353
-585
338
225
-75
527
232
299
98
171
52
-103
200
142
46
245
-59
-427
430
-334
112
43
-162
283
-168
16
479
5
224
642
-122
404
312
-51
79
239
422
-162
326
686
347
138
935
118
311
906
444
390
973
640
267
1093
319
194
559
90
-264
431
-303
7
108
-86
257
-233
-124
-128
-495
-231
-5
-806
297
-670
-821
84
-939
-552
-173
-482
-570
-291
-245
-586
-640
201
-579
-497
243
-449
-419
180
-501
-444
336
-133
-726
495
-299
-707
322
-601
-536
-70
102
-395
-207
228
-312
-44
49
-140
195
-52
65
-44
-304
-76
121
-229
-113
215
-134
-128
65
192
-391
355
186
-299
319
325
-409
153
179
-408
89
388
-246
-10
217
-222
93
294
-120
403
236
-177
412
105
204
292
77
483
184
148
651
-198
372
533
28
373
402
341
-177
392
193
-104
653
195
-49
334
154
-297
94
311
-91
300
141
-114
-98
128
-102
-72
110
130
223
-90
-19
-45
-153
62
249
-143
392
509
-104
142
151
-220
276
48
-52
308
-74
19
94
-137
163
44
166
-91
87
-10
-192
192
-53
-5
107
62
-142
-115
-103
-390
-179
25
-226
72
-108
-21
183
-404
217
72
-267
260
-66
-437
37
-248
-581
-172
-167
-427
-269
-20
-533
-237
-52
-367
59
21
-3
131
-103
-97
-188
-209
-110
-224
-158
-41
-504
-199
-375
-609
-309
-443
-375
-226
-314
-413
-137
-214
-268
-32
47
30
172
279
120
26
231
105
284
445
260
480
353
254
649
430
538
852
494
518
769
555
497
740
368
571
748
368
732
535
348
445
333
280
354
246
46
150
-14
-76
-156
-234
-28
-309
-378
-193
-341
-515
-246
-556
-592
-226
-579
-485
-590
-417
-676
-681
-396
-809
-557
-368
-832
-505
-446
-924
-413
-494
-650
-227
-496
-440
-374
-449
-429
-169
-465
-199
-219
-561
-136
-45
-439
-3
84
-246
251
-190
-150
202
-138
4
270
-43
114
17
270
142
-97
744
-30
144
827
118
220
605
206
338
499
244
361
418
383
330
623
486
633
754
703
764
622
721
632
693
804
594
765
609
796
625
652
496
472
228
521
216
70
575
-14
76
20
-47
-238
-129
-120
-436
-260
-191
-419
-295
-460
-251
-395
-489
-184
-367
-460
-66
-441
-504
-251
-568
-358
-377
-272
-486
-339
-338
-637
-291
-425
-722
-411
-217
-609
-392
-428
-674
-294
-301
-249
-89
-107
-115
105
-193
-109
-170
-42
-51
-88
149
172
130
-7
45
3
-85
131
-122
-266
205
-294
-232
24
-216
-24
-137
-179
-62
-145
-118
-258
21
-128
-49
120
-44
317
68
125
389
118
256
382
158
331
255
314
294
300
221
194
402
147
211
407
172
174
272
149
111
337
213
245
334
265
142
162
71
-55
206
-62
281
-13
126
203
-77
167
-20
28
30
83
2
134
-94
-100
222
-158
-78
187
-82
29
277
124
63
329
251
241
352
271
218
244
108
211
227
-8
167
178
67
85
55
43
-81
-88
-123
-109
-195
-148
-248
-292
-203
-221
-331
-282
-198
-356
-194
-372
-234
-231
-277
-268
-264
-251
-264
-146
-268
-46
-262
-109
-58
-364
49
-124
-215
37
-84
-237
37
-94
-187
119
-71
-60
374
44
158
353
85
278
327
217
266
391
158
154
151
147
56
163
80
-39
23
-110
-286
-214
-248
-174
-205
-191
-110
-234
-36
-321
-165
-287
-323
-59
-305
-181
-162
-209
-174
-145
-205
-16
-179
-96
-98
-154
-89
-100
-144
-3
-155
18
-54
-220
90
-295
-47
-98
-202
-2
86
-58
37
26
-136
-35
84
-38
-28
129
-40
40
-65
39
-71
30
-30
-12
27
-247
22
-219
-323
-49
-186
-362
-103
-67
-304
17
-59
-188
53
32
58
158
308
82
308
300
227
308
338
300
275
490
323
392
361
268
402
237
360
363
319
416
263
351
244
196
251
212
131
318
143
95
164
167
279
173
261
263
176
156
244
22
65
261
161
6
286
164
-3
233
6
-100
140
-77
-56
72
-62
-33
-62
-24
-24
-47
84
51
-35
16
7
-73
1
38
45
91
27
-114
12
-213
-310
-37
-352
-129
-130
-337
-68
-229
-163
-186
-94
-7
-158
-86
-89
-290
-175
-150
-311
-71
-289
-198
-239
-327
-343
-357
-320
-228
-226
-165
-90
-204
-59
-174
-12
-6
-120
14
79
-166
-35
-31
-182
41
-37
-71
-103
-109
-141
-311
-124
-115
-258
35
-71
-59
97
-188
28
-72
-151
-88
-95
-75
-156
-2
-140
-116
-52
-45
-164
-13
43
-145
-36
12
-109
86
232
20
192
94
192
156
47
216
61
203
178
-53
-5
-66
-81
-56
39
62
125
202
110
94
273
53
125
224
33
245
207
157
159
205
176
154
176
279
109
145
211
135
181
220
211
254
108
99
265
12
201
127
188
260
120
229
174
85
138
75
24
-26
50
145
-110
234
133
55
219
38
44
-5
-17
-68
25
-105
-42
-50
-212
-47
-192
-211
-103
-205
-250
-152
-272
-344
-134
-353
-230
-190
-277
-96
-290
-195
-283
-351
-255
-422
-436
-427
-336
-347
-296
-211
-297
-185
-5
-88
19
217
-77
71
151
46
117
245
153
170
292
46
187
108
100
95
53
132
116
42
183
144
60
109
76
-47
38
2
-24
66
48
-8
101
61
67
43
-33
49
-88
31
60
-16
39
17
-65
-52
-95
-167
-103
-193
-258
-138
-229
-290
-198
-234
-423
-305
-314
-325
-280
-250
-214
-228
-92
-137
-139
24
-35
-5
78
57
41
175
63
16
215
17
-5
127
2
12
179
8
209
268
177
448
318
393
397
495
529
337
573
459
337
559
453
514
494
499
397
449
483
380
470
406
559
446
352
521
378
284
563
293
217
377
126
54
93
-135
-152
-180
-353
-184
-340
-394
-294
-436
-431
-377
-477
-408
-375
-403
-407
-490
-389
-490
-527
-368
-588
-424
-394
-527
-453
-375
-417
-356
-174
-389
-197
-198
-311
-152
-212
-289
-237
-237
-191
-239
-37
-144
-159
-35
-216
-155
-120
-114
-131
-3
-42
-32
89
89
68
74
253
137
40
239
157
46
203
120
78
134
183
87
31
85
102
6
161
215
-16
282
173
11
164
113
50
133
192
82
116
152
33
41
128
144
35
207
211
34
207
38
122
72
110
84
178
138
135
46
-39
133
-133
-42
-4
-123
-130
-99
-148
-175
-74
2
22
15
171
159
7
191
95
-41
62
122
-36
98
180
-34
107
8
-55
15
-54
21
78
60
163
204
150
131
100
262
148
157
250
132
148
108
79
-12
-1
20
-66
-58
-87
-95
-184
-86
-166
-131
-187
-224
-228
-240
-208
-327
-283
-280
-368
-412
-321
-323
-465
-428
-419
-490
-372
-269
-403
-221
-305
-394
-139
-279
-198
-102
-111
-76
-66
-14
-36
-98
-87
-155
-122
-97
-73
-27
-118
59
31
-22
172
86
84
152
107
159
220
210
233
324
300
386
381
314
269
286
194
271
292
207
225
333
228
344
596
256
460
409
466
228
396
365
35
308
305
73
350
264
219
251
224
241
143
306
120
224
162
129
206
119
102
122
-37
71
-16
-92
-82
-165
-159
-292
-240
-263
-232
-274
-197
-251
-290
-277
-327
-338
-249
-203
-150
-134
-221
-53
-216
-212
-231
-216
-352
-199
-243
-215
-145
-251
-234
-271
-217
-336
-175
-281
-203
-162
-188
-201
-148
-111
-118
-55
-156
-138
-170
-217
-140
-66
-67
49
4
95
-24
16
154
2
30
176
21
100
160
-32
60
37
132
170
160
271
198
87
135
54
43
45
138
34
120
155
91
72
77
45
38
23
36
83
16
34
9
35
8
79
20
33
73
-63
35
70
-46
49
23
34
167
59
72
84
62
62
1
99
47
-50
40
-63
3
-41
-104
10
-2
-33
129
104
91
346
287
303
332
358
246
263
252
228
219
145
215
126
155
112
198
145
109
203
-48
-74
11
-232
-242
-116
-262
-178
-114
-175
-190
-85
-158
-194
-84
-210
-161
-130
-207
-165
-192
-239
-213
-228
-171
-118
-157
-133
-181
-209
-273
-295
-230
-339
-307
-224
-303
-343
-209
-272
-247
-288
-291
-279
-254
-227
-142
-189
-160
-114
-186
-83
-144
-101
-124
-44
24
36
-2
30
63
55
17
62
69
158
213
280
312
265
438
279
310
374
298
325
392
425
393
465
447
422
437
392
417
350
359
279
298
261
164
239
77
79
140
100
123
195
157
175
196
192
171
201
169
132
215
140
148
197
158
53
184
153
152
117
34
64
-56
-69
-126
-161
-205
-131
-153
-191
-243
-248
-342
-297
-352
-417
-392
-396
-364
-395
-440
-440
-451
-497
-415
-451
-417
-404
-374
-427
-479
-366
-421
-431
-432
-376
-411
-354
-352
-417
-296
-335
-256
-226
-248
-184
-245
-211
-215
-136
-119
-96
-3
-15
53
60
55
29
83
81
89
153
93
186
154
185
192
227
214
204
269
150
345
346
249
439
386
349
418
370
328
388
333
337
410
382
410
375
443
359
367
358
203
268
270
264
287
291
235
301
221
243
287
176
251
239
237
238
216
231
198
226
243
194
274
179
113
64
13
-13
-57
-62
-53
-16
-15
-102
-38
-63
-155
-57
-153
-183
-184
-265
-264
-316
-279
-309
-354
-296
-342
-274
-321
-351
-318
-458
-361
-416
-540
-385
-498
-546
-479
-473
-456
-410
-424
-302
-354
-301
-238
-285
-211
-181
-141
-176
-167
-203
-185
-244
-213
-220
-215
-161
-212
-105
-155
-110
-131
-54
46
21
117
96
134
157
89
167
133
209
230
144
195
191
178
270
255
242
295
307
366
295
324
303
219
254
362
280
316
389
302
300
265
254
252
216
215
256
265
248
305
276
239
257
261
214
212
205
216
229
207
220
99
202
85
38
121
19
30
32
30
-4
-24
3
-77
-33
-13
-27
-9
-34
66
-15
-16
166
115
68
201
124
75
126
45
3
63
-81
-39
-75
-167
-177
-228
-161
-217
-210
-208
-220
-231
-213
-264
-215
-231
-273
-289
-289
-299
-414
-342
-474
-464
-425
-497
-449
-498
-483
-506
-474
-459
-419
-383
-337
-260
-337
-210
-218
-213
-166
-214
-163
-128
-116
-90
-43
-35
-31
11
76
91
81
49
44
22
-14
21
48
22
52
48
71
-15
44
34
-35
62
41
102
183
155
159
213
223
208
292
314
335
377
416
407
445
420
396
435
344
323
404
325
309
360
304
291
237
322
243
309
360
238
307
317
285
267
257
242
196
228
188
177
155
110
156
43
27
9
-81
-89
-148
-178
-97
-105
-116
-43
-81
-180
-162
-277
-264
-252
-341
-322
-312
-333
-381
-351
-369
-387
-347
-307
-310
-299
-295
-283
-337
-315
-310
-276
-245
-215
-189
-254
-175
-217
-204
-169
-212
-173
-144
-139
-46
-75
-93
-27
-39
-56
12
59
-56
54
12
-18
60
3
-72
-17
-36
-144
-37
-71
-124
-114
-41
-31
-31
139
158
194
277
268
282
316
341
318
325
310
345
335
270
300
283
252
243
207
238
199
210
268
167
303
225
266
314
169
236
175
131
125
140
80
101
137
104
90
89
110
143
173
215
214
214
297
245
217
244
153
98
128
-21
-29
-20
-147
-149
-166
-223
-236
-203
-238
-252
-258
-234
-228
-230
-247
-307
-256
-251
-304
-310
-275
-363
-384
-390
-440
-425
-481
-427
-475
-465
-399
-464
-419
-411
-431
-397
-329
-361
-347
-301
-313
-279
-293
-177
-174
-105
-74
-74
-37
-17
9
62
44
4
107
126
141
269
176
223
249
201
245
178
211
225
200
221
273
220
256
218
217
234
210
292
266
288
356
341
330
442
312
368
398
287
365
349
252
252
268
234
307
227
255
252
173
270
242
184
260
227
196
260
236
246
218
161
157
87
82
7
-18
17
-30
-16
-8
-27
-16
-57
-64
-112
-99
-81
-182
-108
-123
-177
-119
-86
-156
-158
-198
-193
-253
-265
-207
-283
-249
-265
-268
-252
-256
-259
-294
-280
-255
-289
-305
-278
-296
-292
-259
-283
-322
-280
-303
-320
-316
-369
-311
-289
-265
-290
-245
-241
-236
-219
-191
-194
-159
-72
-155
-77
-94
-107
-107
-131
-91
-128
-103
-65
-115
-57
-98
-90
-84
-119
-100
-72
-21
-11
50
2
3
61
28
31
78
104
144
158
173
143
218
219
197
260
228
206
172
186
200
232
282
319
334
385
433
409
434
442
432
