1848177.860000
1631506.670000
1484206.730000
1423805.440000
1406724.190000
1400671.860000
1606566.060000
1689598.260000
1866668.810000
1930072.680000
1994507.400000
1927537.810000
1865472.160000
1876335.310000
1937482.260000
1914383.530000
1876279.200000
1616967.470000
1837760.060000
12478652.140000
59154831.010000
113541738.050000
146795301.830000
157400293.550000
168192435.259999
176886921.589999
180392683.489999
181884473.979999
172003886.490000
125609670.370000
71783808.080000
38872441.060000
28235266.020000
17410221.290000
8639444.970000
5067811.290000
3227110.000000
2306369.660000
2005858.440000
