1508531.610000
376652.500000
400233.590000
790572.860000
1169366.610000
643275.830000
1903280.040000
2028822.320000
1343710.610000
2127338.570000
2336928.990000
4091525.640000
4782581.210000
3253604.330000
5630815.390000
5615800.150000
5870430.280000
6186031.450000
4756655.720000
4239534.870000
6201008.590000
3976418.720000
4348441.340000
5906182.200000
4982804.550000
5515386.120000
6119012.130000
4860076.920000
6492402.520000
6072901.300000
5908259.000000
6698596.870000
6348428.130000
4370545.230000
2917837.550000
2251251.710000
1132687.510000
1319896.520000
1107328.150000
1389293.340000
1943603.100000
1398983.160000
1319814.960000
1473528.760000
658926.640000
822347.220000
540062.330000
520111.790000
869089.860000
1242005.270000
1987262.740000
2815457.160000
2251132.130000
1670064.610000
741135.340000
434627.690000
181284.690000
284743.740000
401340.520000
280457.770000
469693.050000
288863.580000
300887.350000
456776.140000
519212.040000
1381484.480000
1036305.590000
1713943.020000
1518344.860000
1199162.510000
1163503.890000
525898.250000
351779.350000
198519.340000
98883.150000
192610.690000
248355.980000
115238.680000
334159.630000
405066.040000
487654.870000
491941.110000
275739.490000
373398.770000
151925.130000
78660.560000
31564.180000
26521.660000
35622.070000
9489.200000
